SYMBOL,SERIES,OPEN_PRICE,HIGH_PRICE,LOW_PRICE,CLOSE_PRICE,PREV_CLOSE,TTL_TRD_QNTY,TURNOVER_LACS,NO_OF_TRADES,DELIV_QTY,DELIV_PER,DATE1
20MICRONS,EQ,90.0,93.55,89.95,92.85,90.45,162168,149.98,2741,99586,61.41,05-Jun-2023
21STCENMGM,EQ,17.65,18.0,17.3,17.35,17.65,7624,1.32,81,5280,69.25,05-Jun-2023
360ONE,EQ,422.95,424.95,415.0,421.55,419.1,2471395,10375.57,10494,2323212,94.00,05-Jun-2023
3IINFOLTD,EQ,32.75,33.15,32.1,32.3,32.5,321291,104.66,2615,197549,61.49,05-Jun-2023
3MINDIA,EQ,26350.0,26897.0,26200.0,26804.2,26253.95,6486,1722.14,2882,2446,37.71,05-Jun-2023
3PLAND,EQ,23.5,23.5,22.65,22.8,22.95,5841,1.34,185,3768,64.51,05-Jun-2023
456GS2023,GS,98.79,98.79,98.79,98.79,98.79,200,0.2,2,200,100.00,05-Jun-2023
4THDIM,BE,18.85,19.55,18.85,18.85,19.2,95031,18.01,283,-,-,05-Jun-2023
5PAISA,EQ,371.5,390.0,369.1,380.2,368.35,208324,797.34,8147,74399,35.71,05-Jun-2023
601GS2028,GS,95.4,95.4,95.4,95.4,97.65,1,0.0,1,1,100.00,05-Jun-2023
618GS2024,GS,98.64,98.64,98.64,98.64,100.5,100,0.1,1,100,100.00,05-Jun-2023
622GS2035,GS,95.0,95.0,95.0,95.0,94.55,500,0.48,1,500,100.00,05-Jun-2023
63MOONS,EQ,166.55,167.8,164.3,165.1,165.55,138505,229.07,2171,95718,69.11,05-Jun-2023
654GS2032,GS,99.9,99.9,99.89,99.89,99.3,31,0.03,2,31,100.00,05-Jun-2023
667GS2035,GS,99.96,99.96,99.96,99.96,99.99,46,0.05,2,46,100.00,05-Jun-2023
667GS2050,GS,98.55,98.55,98.55,98.55,97.18,53,0.05,1,53,100.00,05-Jun-2023
669GS2024,GS,103.0,103.0,101.95,102.95,103.0,2921,3.0,22,2620,89.70,05-Jun-2023
676GS2061,GS,98.9,98.9,98.9,98.9,99.95,2714,2.68,1,2714,100.00,05-Jun-2023
68GS2060,GS,98.9,98.9,98.9,98.9,98.9,100,0.1,1,100,100.00,05-Jun-2023
695GS2061,GS,101.0,101.26,101.0,101.25,100.75,592,0.6,4,592,100.00,05-Jun-2023
697GS2026,GS,101.93,101.93,101.93,101.93,99.01,100000,101.93,1,100000,100.00,05-Jun-2023
699GS2026,GS,100.65,101.25,100.65,101.25,100.5,21000,21.2,5,10700,50.95,05-Jun-2023
699GS2051,GS,102.1,102.1,100.5,102.0,101.8,57,0.06,5,57,100.00,05-Jun-2023
706GS2028,GS,101.4,101.4,101.4,101.4,101.51,20000,20.28,1,20000,100.00,05-Jun-2023
710GS2029,GS,101.66,101.7,100.87,101.62,101.66,69703,70.8,38,64699,92.82,05-Jun-2023
716GS2050,GS,102.5,102.5,102.5,102.5,103.0,874,0.9,2,874,100.00,05-Jun-2023
726GS2032,GS,104.0,104.0,103.7,103.8,103.89,26708,27.76,14,26708,100.00,05-Jun-2023
726GS2033,GS,104.0,104.0,103.8,103.8,104.29,1560,1.62,3,1560,100.00,05-Jun-2023
738GS2027,GS,104.73,105.5,104.73,105.25,105.43,16211,17.05,6,16211,100.00,05-Jun-2023
741GS2036,GS,106.5,106.5,106.3,106.46,106.61,51014,54.32,9,51014,100.00,05-Jun-2023
74GS2062,GS,104.0,105.25,104.0,104.89,105.44,5298,5.55,24,4365,82.39,05-Jun-2023
754GS2036,GS,104.15,104.15,104.08,104.11,104.23,504413,525.22,179,502095,99.54,05-Jun-2023
795GS2032,GS,108.9,108.9,108.9,108.9,109.0,1000,1.09,1,1000,100.00,05-Jun-2023
824GS2033,GS,109.25,109.25,109.25,109.25,113.5,1918,2.1,1,1918,100.00,05-Jun-2023
828GS2032,GS,110.75,110.75,110.75,110.75,110.75,1761,1.95,3,1761,100.00,05-Jun-2023
82GS2025,GS,103.0,103.1,103.0,103.1,103.89,2,0.0,2,0,0.00,05-Jun-2023
883GS2041,GS,123.0,123.0,122.0,122.0,127.68,2091,2.56,8,2091,100.00,05-Jun-2023
897GS2030,GS,120.75,120.75,120.75,120.75,120.75,100,0.12,1,100,100.00,05-Jun-2023
92GS2030,GS,116.0,116.0,115.5,115.5,114.0,2857,3.3,6,2857,100.00,05-Jun-2023
A2ZINFRA,EQ,8.15,8.25,7.55,7.75,8.1,1418529,113.52,1302,1086550,76.60,05-Jun-2023
AAATECH,EQ,58.9,58.9,54.95,56.05,57.25,9898,5.6,214,6605,66.73,05-Jun-2023
AAKASH,EQ,6.45,6.45,6.3,6.35,6.45,258598,16.5,610,202494,78.30,05-Jun-2023
AAREYDRUGS,EQ,30.85,31.6,30.4,31.45,30.85,66071,20.6,610,33946,51.38,05-Jun-2023
AARON,EQ,224.95,228.0,219.95,224.9,221.7,21922,49.1,813,13783,62.87,05-Jun-2023
AARTIDRUGS,EQ,461.85,473.85,458.05,470.6,456.35,392625,1835.96,13358,142744,36.36,05-Jun-2023
AARTIIND,EQ,514.0,519.5,514.0,516.6,513.65,887687,4589.34,19615,511663,57.64,05-Jun-2023
AARTIPHARM,EQ,365.1,375.0,360.55,372.25,364.05,111200,408.98,4728,70094,63.03,05-Jun-2023
AARTIPP,E1,294.55,294.55,292.0,292.0,286.4,38,0.11,5,38,100.00,05-Jun-2023
AARTISURF,EQ,628.35,639.9,620.0,634.5,622.15,10518,66.43,1090,6274,59.65,05-Jun-2023
AARVEEDEN,EQ,21.0,21.25,20.6,21.0,21.4,10484,2.2,128,6768,64.56,05-Jun-2023
AARVI,EQ,140.0,140.8,136.45,137.7,138.35,13707,19.07,426,8690,63.40,05-Jun-2023
AAVAS,EQ,1408.0,1408.0,1380.2,1388.35,1394.05,425208,5915.01,13047,228786,53.81,05-Jun-2023
ABAN,EQ,39.9,41.6,39.7,40.8,39.65,171925,70.18,1535,94297,54.85,05-Jun-2023
ABB,EQ,4035.0,4069.0,3978.0,4033.0,4021.55,316713,12707.51,40251,154716,48.85,05-Jun-2023
ABBOTINDIA,EQ,21950.0,21999.95,21720.45,21832.15,21927.25,3841,839.8,1674,1686,43.89,05-Jun-2023
ABCAPITAL,EQ,173.6,173.95,167.35,168.5,172.55,4106204,6956.22,25240,1121026,27.30,05-Jun-2023
ABFRL,EQ,204.0,207.35,202.6,206.6,202.6,4322957,8879.73,28707,1478149,34.19,05-Jun-2023
ABMINTLLTD,EQ,59.0,59.0,56.0,57.1,56.8,743,0.42,48,491,66.08,05-Jun-2023
ABSLAMC,EQ,360.55,366.5,359.8,364.35,359.25,78541,285.61,3103,48942,62.31,05-Jun-2023
ABSLBANETF,EQ,45.5,45.5,43.75,44.39,44.17,9020,4.01,425,5410,59.98,05-Jun-2023
ABSLLIQUID,EQ,1000.01,1000.01,999.99,999.99,1000.01,298,2.98,5,278,93.29,05-Jun-2023
ABSLNN50ET,EQ,43.56,43.73,43.49,43.66,43.45,3292,1.44,116,3206,97.39,05-Jun-2023
ACC,EQ,1821.0,1826.5,1806.5,1810.45,1815.6,539080,9789.88,21925,275470,51.10,05-Jun-2023
ACCELYA,EQ,1359.0,1363.85,1325.1,1342.8,1349.0,33416,448.12,4329,20418,61.10,05-Jun-2023
ACCURACY,EQ,10.9,10.95,10.45,10.85,10.7,572794,61.83,1061,477814,83.42,05-Jun-2023
ACE,EQ,499.4,503.0,485.0,486.95,495.9,598254,2960.4,16930,268492,44.88,05-Jun-2023
ACEINTEG,BE,37.1,38.9,37.1,38.9,38.9,1702,0.64,28,-,-,05-Jun-2023
ACI,EQ,547.5,558.15,546.65,553.5,544.9,251479,1391.06,17084,139880,55.62,05-Jun-2023
ACL,EQ,154.55,158.25,147.05,152.55,150.75,298848,467.13,5424,197045,65.93,05-Jun-2023
ADANIENT,EQ,2463.2,2514.0,2428.0,2433.95,2445.05,2956768,72898.99,124934,764332,25.85,05-Jun-2023
ADANIGREEN,EQ,989.65,995.0,983.0,987.85,983.55,3596959,35587.52,58258,2028055,56.38,05-Jun-2023
ADANIPORTS,EQ,738.0,744.0,735.0,738.8,736.6,5166097,38257.06,65724,2389383,46.25,05-Jun-2023
ADANIPOWER,EQ,256.7,265.0,254.6,259.45,255.65,5985089,15543.55,52823,2747149,45.90,05-Jun-2023
ADANITRANS,EQ,802.0,834.35,796.0,828.0,794.65,6191271,51313.17,92787,1712994,27.67,05-Jun-2023
ADFFOODS,EQ,880.0,886.7,860.0,863.4,874.05,13602,118.52,1377,6551,48.16,05-Jun-2023
ADL,BE,74.9,77.75,70.65,76.5,74.05,2287,1.69,30,-,-,05-Jun-2023
ADORWELD,EQ,1159.95,1164.6,1140.05,1150.4,1151.9,52770,608.21,5636,36155,68.51,05-Jun-2023
ADROITINFO,EQ,21.15,24.4,21.15,21.95,21.25,287898,65.81,1186,116996,40.64,05-Jun-2023
ADSL,EQ,85.75,87.35,85.0,85.9,85.4,206730,178.39,3123,105943,51.25,05-Jun-2023
ADVANIHOTR,EQ,88.4,89.8,87.5,87.85,87.6,41053,36.39,927,22866,55.70,05-Jun-2023
ADVENZYMES,EQ,282.45,287.5,282.3,283.4,282.3,229956,654.18,3805,190598,82.88,05-Jun-2023
AEGISCHEM,EQ,335.0,339.1,316.6,318.1,333.7,1726373,5594.02,47251,761183,44.09,05-Jun-2023
AETHER,EQ,927.0,933.9,918.5,922.05,917.85,32611,300.82,5214,18184,55.76,05-Jun-2023
AFFLE,EQ,969.95,988.45,966.0,986.35,963.35,327904,3210.19,16592,160134,48.84,05-Jun-2023
AGARIND,EQ,605.0,617.4,600.1,610.05,598.0,31914,194.54,2190,18710,58.63,05-Jun-2023
AGARWALFT,SM,37.0,37.5,37.0,37.5,37.8,15000,5.57,5,12000,80.00,05-Jun-2023
AGI,EQ,589.8,607.0,581.0,582.75,588.4,168493,997.25,10639,66358,39.38,05-Jun-2023
AGNI,SM,21.45,21.7,20.85,20.85,20.7,30000,6.46,6,30000,100.00,05-Jun-2023
AGRITECH,EQ,104.5,105.9,102.95,104.0,104.5,8819,9.18,196,5063,57.41,05-Jun-2023
AGROPHOS,EQ,35.25,35.45,34.3,34.8,35.15,55936,19.54,483,29675,53.05,05-Jun-2023
AGSTRA,EQ,59.35,63.25,58.25,58.9,59.1,1222337,742.32,7457,653494,53.46,05-Jun-2023
AGUL,SM,48.75,48.75,48.75,48.75,51.0,2000,0.98,1,2000,100.00,05-Jun-2023
AHL,EQ,280.05,289.9,278.45,278.6,278.1,1051064,2947.92,8467,69054,6.57,05-Jun-2023
AHLADA,EQ,112.5,113.85,109.3,112.9,109.6,29338,32.71,481,17943,61.16,05-Jun-2023
AHLEAST,EQ,121.8,123.0,119.0,121.05,119.55,4195,5.05,85,2946,70.23,05-Jun-2023
AHLUCONT,EQ,592.0,602.5,581.65,593.65,585.65,96798,574.91,6113,61860,63.91,05-Jun-2023
AIAENG,EQ,3085.0,3117.0,3002.0,3100.55,3058.35,180695,5551.08,19104,93137,51.54,05-Jun-2023
AIRAN,EQ,16.8,16.85,16.55,16.8,16.6,177370,29.65,791,117019,65.97,05-Jun-2023
AIROLAM,EQ,83.8,84.1,80.95,81.25,82.6,25740,21.17,306,14705,57.13,05-Jun-2023
AIRTELPP,E1,444.15,453.85,442.95,444.9,447.0,179274,799.77,3495,133108,74.25,05-Jun-2023
AISL,SM,57.35,57.4,55.0,57.4,54.7,10800,6.17,9,9600,88.89,05-Jun-2023
AJANTPHARM,EQ,1329.7,1395.0,1322.4,1379.35,1322.75,112119,1528.9,11527,46511,41.48,05-Jun-2023
AJMERA,EQ,335.65,342.65,334.0,338.95,333.4,45448,154.04,2968,18293,40.25,05-Jun-2023
AJOONI,EQ,4.75,4.9,4.75,4.85,4.65,725305,35.02,731,527753,72.76,05-Jun-2023
AJRINFRA,BZ,0.6,0.65,0.6,0.65,0.6,1260532,8.02,486,-,-,05-Jun-2023
AKASH,EQ,25.55,26.0,24.45,25.05,25.2,35127,8.88,319,17178,48.90,05-Jun-2023
AKG,EQ,28.45,29.4,28.05,28.45,28.45,41240,11.9,227,3382,8.20,05-Jun-2023
AKI,BE,113.0,113.0,108.0,110.95,111.0,11186,12.41,113,-,-,05-Jun-2023
AKSHAR,EQ,69.0,72.3,68.05,70.3,69.65,74358,51.88,565,67598,90.91,05-Jun-2023
AKSHARCHEM,EQ,226.5,228.9,224.15,227.45,225.85,5843,13.22,360,2673,45.75,05-Jun-2023
AKSHOPTFBR,EQ,8.45,8.5,8.3,8.35,8.4,223820,18.69,526,182997,81.76,05-Jun-2023
AKZOINDIA,EQ,2453.2,2473.05,2395.1,2407.75,2453.1,17804,431.56,5180,10931,61.40,05-Jun-2023
ALANKIT,EQ,9.0,9.15,8.9,8.95,8.9,203687,18.39,533,142547,69.98,05-Jun-2023
ALBERTDAVD,EQ,570.0,570.35,561.0,563.6,563.35,3642,20.54,222,2671,73.34,05-Jun-2023
ALEMBICLTD,EQ,69.0,69.2,68.05,68.5,68.4,132548,90.88,1502,76243,57.52,05-Jun-2023
ALICON,EQ,765.3,774.9,747.15,760.55,751.95,17911,136.38,1813,10651,59.47,05-Jun-2023
ALKALI,EQ,101.05,101.65,100.0,100.15,101.65,18311,18.41,334,12541,68.49,05-Jun-2023
ALKEM,EQ,3400.0,3410.0,3354.0,3395.7,3363.75,177877,6000.06,11359,128957,72.50,05-Jun-2023
ALKYLAMINE,EQ,2477.7,2490.0,2451.0,2460.9,2441.35,18564,458.02,4580,8711,46.92,05-Jun-2023
ALLCARGO,EQ,278.85,281.8,275.0,276.3,278.95,214372,595.63,5138,104456,48.73,05-Jun-2023
ALLETEC,SM,102.75,106.0,102.75,104.2,102.7,20800,21.76,13,16000,76.92,05-Jun-2023
ALLSEC,EQ,489.9,493.45,484.05,486.8,483.1,6604,32.21,465,4344,65.78,05-Jun-2023
ALMONDZ,EQ,76.95,78.0,69.0,69.75,73.45,206536,151.99,2160,119960,58.08,05-Jun-2023
ALOKINDS,EQ,13.8,14.05,13.6,13.65,13.8,7121425,983.94,5989,2303805,32.35,05-Jun-2023
ALPA,EQ,61.9,62.5,61.0,61.15,61.45,34663,21.31,472,20952,60.44,05-Jun-2023
ALPHAGEO,EQ,244.95,246.95,241.65,242.45,243.05,4654,11.38,475,2936,63.09,05-Jun-2023
AMARAJABAT,EQ,617.0,620.3,610.5,614.7,614.45,394153,2423.82,18672,202457,51.37,05-Jun-2023
AMBANIORG,SM,142.0,142.25,142.0,142.25,135.5,4000,5.69,2,4000,100.00,05-Jun-2023
AMBER,EQ,2215.0,2215.0,2170.55,2187.8,2182.4,109162,2391.19,8453,58109,53.23,05-Jun-2023
AMBICAAGAR,EQ,25.95,26.05,25.0,25.85,25.5,80660,20.68,871,55768,69.14,05-Jun-2023
AMBIKCO,EQ,1464.3,1525.0,1464.3,1497.6,1464.3,25649,385.07,3395,11055,43.10,05-Jun-2023
AMBUJACEM,EQ,440.05,441.65,437.05,439.05,438.05,3391422,14916.14,85827,1817331,53.59,05-Jun-2023
AMDIND,EQ,72.8,74.35,72.0,73.3,70.85,147597,108.75,1475,63379,42.94,05-Jun-2023
AMEYA,SM,40.8,40.9,40.8,40.9,39.55,8000,3.27,2,8000,100.00,05-Jun-2023
AMIABLE,SM,87.0,87.0,87.0,87.0,86.0,1600,1.39,1,1600,100.00,05-Jun-2023
AMIORG,EQ,1219.75,1230.0,1195.0,1200.2,1212.9,54296,656.58,4315,25291,46.58,05-Jun-2023
AMJLAND,EQ,24.6,25.2,23.3,23.65,24.6,51408,12.27,523,33849,65.84,05-Jun-2023
AMRUTANJAN,EQ,606.95,611.45,585.15,592.05,603.95,68332,408.13,5984,37757,55.26,05-Jun-2023
ANANDRATHI,EQ,859.0,859.0,848.1,850.35,856.75,19660,167.35,1788,12538,63.77,05-Jun-2023
ANANTRAJ,EQ,156.65,160.5,155.5,158.3,156.05,1474730,2335.51,7582,1009317,68.44,05-Jun-2023
ANDHRAPAP,EQ,447.0,450.85,444.0,446.5,443.1,52533,234.89,2412,31249,59.48,05-Jun-2023
ANDHRSUGAR,EQ,113.1,113.3,109.15,109.6,113.3,597219,658.59,6802,369311,61.84,05-Jun-2023
ANDREWYU,EQ,22.35,24.65,22.35,24.1,22.3,825072,197.6,2579,498010,60.36,05-Jun-2023
ANGELONE,EQ,1321.4,1405.0,1314.05,1381.15,1313.0,859795,11709.07,34720,352327,40.98,05-Jun-2023
ANIKINDS,EQ,32.25,34.3,31.6,33.65,32.05,102515,33.85,1016,49829,48.61,05-Jun-2023
ANKITMETAL,BE,3.7,3.7,3.7,3.7,3.9,97272,3.6,222,-,-,05-Jun-2023
ANLON,SM,210.0,229.95,210.0,227.55,203.95,91200,200.25,73,69600,76.32,05-Jun-2023
ANMOL,EQ,250.0,255.0,240.15,244.75,246.5,499475,1239.81,8580,178490,35.74,05-Jun-2023
ANNAPURNA,SM,246.0,257.9,245.0,255.9,248.0,18000,45.12,17,16000,88.89,05-Jun-2023
ANSALAPI,BE,9.7,9.7,9.4,9.5,9.25,66163,6.39,125,-,-,05-Jun-2023
ANTGRAPHIC,EQ,0.7,0.7,0.6,0.65,0.65,477693,3.08,311,364586,76.32,05-Jun-2023
ANUP,EQ,1597.9,1659.0,1570.0,1586.25,1581.9,51093,826.88,8371,22685,44.40,05-Jun-2023
ANURAS,EQ,1106.0,1133.35,1102.0,1131.1,1118.35,205441,2287.89,7889,84678,41.22,05-Jun-2023
APARINDS,EQ,2709.95,2776.95,2707.65,2770.25,2706.7,93359,2568.9,11092,52206,55.92,05-Jun-2023
APCL,EQ,175.75,198.2,173.1,191.6,172.0,141427,269.28,4174,68574,48.49,05-Jun-2023
APCOTEXIND,EQ,499.2,514.95,496.0,507.25,492.05,99472,504.22,6508,45885,46.13,05-Jun-2023
APEX,EQ,201.0,221.65,199.5,207.2,199.2,857496,1825.28,18681,290210,33.84,05-Jun-2023
APLAPOLLO,EQ,1145.0,1175.0,1140.75,1167.5,1135.45,819644,9499.17,30639,533907,65.14,05-Jun-2023
APLLTD,EQ,556.65,560.0,553.0,554.05,553.85,33975,188.77,3167,21165,62.30,05-Jun-2023
APOLLO,EQ,34.55,35.2,34.45,34.7,34.35,825232,287.27,2362,568996,68.95,05-Jun-2023
APOLLOHOSP,EQ,4967.95,5009.2,4934.05,4950.2,4967.3,698352,34733.06,60987,330038,47.26,05-Jun-2023
APOLLOPIPE,EQ,649.0,672.0,647.0,664.6,641.9,226199,1493.46,10631,113720,50.27,05-Jun-2023
APOLLOTYRE,EQ,393.15,396.75,390.3,391.35,391.95,842797,3313.33,12167,276260,32.78,05-Jun-2023
APOLSINHOT,EQ,1385.0,1480.0,1385.0,1461.4,1382.15,6108,88.54,865,4070,66.63,05-Jun-2023
APTECHT,EQ,553.0,556.15,524.4,532.35,555.1,825731,4443.42,26240,367632,44.52,05-Jun-2023
APTUS,EQ,278.0,278.8,272.5,277.6,273.35,174814,482.64,5894,84992,48.62,05-Jun-2023
ARCHIDPLY,EQ,70.4,71.7,68.35,69.25,70.35,55715,38.85,677,33631,60.36,05-Jun-2023
ARCHIES,EQ,24.25,24.95,23.05,23.7,23.75,639514,156.28,2122,332960,52.06,05-Jun-2023
ARENTERP,EQ,38.65,38.65,35.2,38.05,36.75,17889,6.76,297,9400,52.55,05-Jun-2023
ARHAM,SM,78.0,80.05,77.1,79.35,80.0,30000,23.68,10,21000,70.00,05-Jun-2023
ARIES,EQ,160.0,165.9,159.0,162.6,159.5,95138,155.34,1686,46272,48.64,05-Jun-2023
ARIHANTACA,SM,100.0,104.5,100.0,104.5,102.0,8000,8.26,5,8000,100.00,05-Jun-2023
ARIHANTCAP,EQ,35.95,35.95,34.8,35.1,35.3,51450,18.2,559,31050,60.35,05-Jun-2023
ARIHANTSUP,EQ,179.0,183.65,171.0,173.3,178.9,164798,296.09,4517,62200,37.74,05-Jun-2023
ARISTO,SM,60.35,60.35,60.35,60.35,60.35,3200,1.93,2,3200,100.00,05-Jun-2023
ARMANFIN,EQ,1944.95,2121.2,1941.1,2005.0,1929.0,82238,1660.64,7624,40512,49.26,05-Jun-2023
AROGRANITE,EQ,40.3,41.1,40.0,40.2,40.3,11272,4.55,156,8452,74.98,05-Jun-2023
ARROWGREEN,EQ,362.9,363.95,350.1,363.95,346.65,25229,91.52,191,22535,89.32,05-Jun-2023
ARSHIYA,EQ,5.9,5.9,5.65,5.7,5.8,941283,53.88,666,684729,72.74,05-Jun-2023
ARSSINFRA,BE,19.95,19.95,19.95,19.95,19.0,6981,1.39,21,-,-,05-Jun-2023
ARTEMISMED,EQ,86.95,88.5,85.7,87.35,85.85,124004,107.8,1154,89801,72.42,05-Jun-2023
ARTNIRMAN,EQ,46.0,46.0,43.1,43.8,42.95,8984,4.0,99,7259,80.80,05-Jun-2023
ARVEE,EQ,106.0,107.45,102.8,104.7,106.8,1349,1.42,93,961,71.24,05-Jun-2023
ARVIND,EQ,127.05,130.65,126.3,129.8,126.3,1687234,2180.89,10525,886084,52.52,05-Jun-2023
ARVINDFASN,EQ,297.65,310.0,297.6,300.75,296.55,493653,1500.11,17251,274483,55.60,05-Jun-2023
ARVSMART,EQ,359.45,364.9,354.25,356.65,357.2,64993,233.69,3419,32313,49.72,05-Jun-2023
ASAHIINDIA,EQ,456.0,464.4,453.1,460.8,452.8,106214,487.38,6148,67624,63.67,05-Jun-2023
ASAHISONG,EQ,195.0,197.0,186.2,195.3,192.7,38523,73.93,779,31062,80.63,05-Jun-2023
ASAL,EQ,323.0,324.0,316.5,319.75,318.9,20582,65.98,1477,11461,55.68,05-Jun-2023
ASALCBR,EQ,387.95,404.0,386.75,398.55,387.95,39856,159.33,2815,23353,58.59,05-Jun-2023
ASHAPURMIN,EQ,128.5,129.6,122.2,124.25,127.5,397380,498.15,4728,223077,56.14,05-Jun-2023
ASHIANA,EQ,188.3,193.0,186.5,188.1,187.1,272548,516.2,7743,130655,47.94,05-Jun-2023
ASHIMASYN,EQ,14.1,14.2,13.9,14.0,14.1,122542,17.3,188,103066,84.11,05-Jun-2023
ASHOKA,EQ,83.15,83.4,80.5,81.05,82.0,1902200,1552.56,8842,926655,48.71,05-Jun-2023
ASHOKLEY,EQ,147.15,149.75,146.5,149.05,146.15,9952669,14823.45,62163,4482185,45.04,05-Jun-2023
ASIANENE,EQ,111.6,113.55,108.2,110.4,108.15,379905,426.15,1681,313396,82.49,05-Jun-2023
ASIANHOTNR,EQ,189.5,189.5,189.5,189.5,180.5,2259,4.28,55,2059,91.15,05-Jun-2023
ASIANPAINT,EQ,3239.95,3239.95,3195.0,3199.75,3237.25,492565,15805.36,48058,237131,48.14,05-Jun-2023
ASIANTILES,EQ,47.5,48.5,46.4,46.6,47.15,830150,392.53,3707,449931,54.20,05-Jun-2023
ASMS,BZ,8.3,8.3,8.3,8.3,8.15,9517,0.79,17,-,-,05-Jun-2023
ASPINWALL,EQ,212.45,215.9,209.0,210.0,212.45,3818,8.06,178,2573,67.39,05-Jun-2023
ASTEC,EQ,1424.9,1427.95,1406.4,1410.85,1409.85,7931,112.46,1318,4174,52.63,05-Jun-2023
ASTERDM,EQ,275.0,275.55,261.0,262.8,271.15,494061,1323.26,13585,304144,61.56,05-Jun-2023
ASTRAL,EQ,1880.0,1894.9,1855.0,1884.85,1866.25,612285,11496.76,33488,340649,55.64,05-Jun-2023
ASTRAMICRO,EQ,355.25,360.45,351.55,354.0,352.4,945863,3367.89,11490,537341,56.81,05-Jun-2023
ASTRAZEN,EQ,3500.0,3519.8,3444.45,3453.65,3502.35,6708,233.32,1640,4257,63.46,05-Jun-2023
ASTRON,EQ,24.45,25.0,24.0,24.45,24.15,18464,4.53,226,9543,51.68,05-Jun-2023
ATALREAL,EQ,111.95,113.95,111.65,112.9,112.75,152579,171.67,855,40503,26.55,05-Jun-2023
ATAM,BE,230.0,236.5,227.0,230.9,225.25,25934,60.56,524,-,-,05-Jun-2023
ATFL,EQ,785.0,793.3,776.1,785.45,784.1,1947,15.3,314,1258,64.61,05-Jun-2023
ATGL,EQ,681.55,696.6,675.5,681.5,674.4,3119786,21446.95,77673,1079193,34.59,05-Jun-2023
ATLANTA,EQ,13.05,14.15,13.05,13.55,13.65,25368,3.47,256,17405,68.61,05-Jun-2023
ATUL,EQ,6759.0,6832.45,6754.45,6778.0,6758.55,15566,1056.03,4063,5781,37.14,05-Jun-2023
ATULAUTO,EQ,346.9,347.75,340.25,341.3,341.55,151444,520.08,4840,68821,45.44,05-Jun-2023
AUBANK,EQ,765.25,772.55,749.0,750.95,773.45,2901296,21920.86,39562,1833257,63.19,05-Jun-2023
AURDIS,SM,120.4,120.4,120.4,120.4,114.7,2000,2.41,1,2000,100.00,05-Jun-2023
AURIONPRO,BE,804.0,844.5,785.5,807.1,808.9,61131,495.54,1095,-,-,05-Jun-2023
AUROIMPEX,ST,80.5,82.7,79.0,82.7,78.8,496000,407.6,276,451200,90.97,05-Jun-2023
AUROPHARMA,EQ,663.05,665.4,657.0,658.9,662.5,1148661,7591.78,23733,467025,40.66,05-Jun-2023
AURUM,EQ,128.05,131.0,125.6,127.05,125.6,274598,352.4,3833,150490,54.80,05-Jun-2023
AURUMPP,E1,68.9,71.0,67.4,68.75,66.35,78801,54.93,1311,66387,84.25,05-Jun-2023
AUSOMENT,EQ,61.1,70.0,59.8,66.1,60.0,85016,56.51,1434,31676,37.26,05-Jun-2023
AUTOAXLES,EQ,2249.95,2270.0,2200.0,2217.95,2198.7,58270,1293.77,7018,40043,68.72,05-Jun-2023
AUTOBEES,EQ,145.98,147.53,145.29,147.28,145.12,84952,124.84,1356,55324,65.12,05-Jun-2023
AUTOIND,EQ,70.8,71.8,68.75,69.35,70.2,211980,149.35,1424,155146,73.19,05-Jun-2023
AVADHSUGAR,EQ,486.7,491.0,480.75,482.25,482.15,37418,181.62,2261,13668,36.53,05-Jun-2023
AVALON,EQ,450.0,451.2,444.2,446.0,442.55,188928,844.18,5315,131161,69.42,05-Jun-2023
AVANTIFEED,EQ,385.0,390.6,383.75,385.55,384.9,312116,1207.67,12706,179477,57.50,05-Jun-2023
AVG,EQ,231.9,231.9,224.95,231.85,220.9,92260,213.44,695,80971,87.76,05-Jun-2023
AVONMORE,EQ,69.1,70.8,66.9,67.85,69.6,38338,26.4,629,28673,74.79,05-Jun-2023
AVROIND,EQ,130.85,132.0,127.0,131.85,125.75,76080,99.68,1016,55252,72.62,05-Jun-2023
AVTNPL,EQ,94.0,95.2,91.5,92.0,93.45,173268,161.51,2529,98662,56.94,05-Jun-2023
AWHCL,EQ,251.35,251.75,248.0,249.85,251.05,127941,320.22,5440,99425,77.71,05-Jun-2023
AWL,EQ,440.0,440.95,431.0,432.25,437.55,1707574,7456.14,38914,812048,47.56,05-Jun-2023
AXISBANK,EQ,927.6,953.9,927.6,950.85,926.1,14520005,137601.28,238743,7724459,53.20,05-Jun-2023
AXISBNKETF,EQ,446.6,448.57,446.45,446.7,444.78,1982,8.86,59,1770,89.30,05-Jun-2023
AXISBPSETF,EQ,11.17,11.17,11.01,11.02,11.01,28591,3.15,402,24936,87.22,05-Jun-2023
AXISCADES,EQ,378.0,391.85,367.15,391.85,373.2,169391,644.55,3975,94153,55.58,05-Jun-2023
AXISCETF,EQ,82.31,82.31,81.38,81.75,81.23,1677,1.37,28,1660,98.99,05-Jun-2023
AXISGOLD,EQ,51.36,51.36,50.81,50.95,51.57,326323,166.52,2008,289600,88.75,05-Jun-2023
AXISHCETF,EQ,84.02,84.43,83.0,83.9,84.01,9657,8.12,75,7899,81.80,05-Jun-2023
AXISILVER,EQ,74.47,74.47,72.41,73.19,73.67,27168,19.82,184,17399,64.04,05-Jun-2023
AXISNIFTY,EQ,198.99,199.29,198.34,198.65,197.75,6010,11.96,246,3858,64.19,05-Jun-2023
AXISTECETF,EQ,305.97,305.98,303.56,304.35,302.2,3055,9.31,93,1994,65.27,05-Jun-2023
AXITA,EQ,28.45,28.45,28.45,28.45,29.95,349667,99.48,1599,349167,99.86,05-Jun-2023
AXSENSEX,EQ,62.69,63.17,62.69,62.95,62.37,10991,6.9,40,10530,95.81,05-Jun-2023
AYMSYNTEX,EQ,76.8,76.8,73.85,74.55,75.75,28572,21.36,381,16311,57.09,05-Jun-2023
BAFNAPH,BE,123.8,124.45,121.0,124.45,118.55,8864,10.94,106,-,-,05-Jun-2023
BAGFILMS,EQ,4.2,4.25,4.05,4.1,4.15,53410,2.21,127,45580,85.34,05-Jun-2023
BAHETI,SM,105.0,110.0,105.0,107.0,108.1,21000,22.69,13,19500,92.86,05-Jun-2023
BAIDFIN,EQ,36.0,37.3,35.55,36.6,36.55,97079,35.55,592,4122,4.25,05-Jun-2023
BAJAJ-AUTO,EQ,4688.0,4716.95,4669.0,4710.05,4669.1,234925,11041.96,31505,116177,49.45,05-Jun-2023
BAJAJCON,EQ,189.0,189.95,184.65,185.65,188.4,428167,801.24,7191,217196,50.73,05-Jun-2023
BAJAJELEC,EQ,1162.25,1174.15,1150.0,1154.05,1152.7,39914,463.44,3369,18725,46.91,05-Jun-2023
BAJAJFINSV,EQ,1469.0,1469.5,1456.2,1458.9,1457.25,829929,12127.11,42375,334193,40.27,05-Jun-2023
BAJAJHCARE,EQ,300.0,300.55,293.55,295.75,297.5,43351,128.07,2201,29024,66.95,05-Jun-2023
BAJAJHIND,EQ,14.95,15.45,14.8,14.9,14.85,11940310,1805.13,9401,4690778,39.29,05-Jun-2023
BAJAJHLDNG,EQ,6990.0,7054.15,6900.0,6919.85,6989.9,26562,1844.33,9025,9134,34.39,05-Jun-2023
BAJFINANCE,EQ,7070.0,7091.6,7013.05,7043.2,7023.9,577162,40651.69,48797,241075,41.77,05-Jun-2023
BALAJITELE,EQ,45.8,45.95,44.5,44.7,44.85,132984,60.11,947,88697,66.70,05-Jun-2023
BALAMINES,EQ,2169.95,2183.8,2146.8,2170.65,2143.95,51345,1112.05,6648,25877,50.40,05-Jun-2023
BALAXI,EQ,523.5,555.0,523.5,541.7,525.5,8874,48.43,748,5138,57.90,05-Jun-2023
BALKRISHNA,EQ,25.8,26.45,25.6,26.2,25.8,13109,3.42,219,11012,84.00,05-Jun-2023
BALKRISIND,EQ,2285.0,2290.0,2260.4,2279.25,2286.1,195366,4449.24,19232,98251,50.29,05-Jun-2023
BALLARPUR,BZ,0.95,0.95,0.9,0.9,0.95,1861620,16.81,455,-,-,05-Jun-2023
BALMLAWRIE,EQ,131.8,137.7,130.9,136.95,129.7,2601467,3528.93,31158,1471458,56.56,05-Jun-2023
BALPHARMA,EQ,88.25,90.5,88.0,89.25,87.4,42210,37.82,775,27995,66.32,05-Jun-2023
BALRAMCHIN,EQ,394.45,395.7,389.45,390.85,392.05,551728,2162.66,8212,183227,33.21,05-Jun-2023
BANARBEADS,EQ,82.85,83.05,81.3,82.8,81.2,30217,24.93,615,16590,54.90,05-Jun-2023
BANARISUG,EQ,2830.0,2878.95,2801.0,2868.95,2822.55,1175,33.6,395,829,70.55,05-Jun-2023
BANCOINDIA,EQ,285.0,313.0,284.8,310.35,284.8,1761655,5345.73,35806,689989,39.17,05-Jun-2023
BANDHANBNK,EQ,265.85,267.4,262.0,263.5,265.4,3345549,8833.97,25953,1144915,34.22,05-Jun-2023
BANG,EQ,39.3,40.5,39.05,39.7,39.45,15574,6.16,289,7112,45.67,05-Jun-2023
BANKA,EQ,71.3,72.55,71.1,71.35,71.65,9646,6.91,133,4796,49.72,05-Jun-2023
BANKBARODA,EQ,187.3,187.8,185.45,185.65,186.75,6213398,11586.35,35107,2130349,34.29,05-Jun-2023
BANKBEES,EQ,449.15,450.49,449.0,449.24,447.64,280291,1261.14,11313,157019,56.02,05-Jun-2023
BANKINDIA,EQ,75.2,75.3,74.1,74.25,74.6,3887735,2903.36,12296,1943144,49.98,05-Jun-2023
BANSWRAS,EQ,167.15,184.45,165.9,183.15,165.85,832684,1487.52,15780,358366,43.04,05-Jun-2023
BARBEQUE,EQ,641.05,644.9,624.05,627.05,631.65,115789,731.53,6352,44673,38.58,05-Jun-2023
BASF,EQ,2541.45,2559.95,2490.0,2519.45,2541.45,20161,507.32,4127,11406,56.57,05-Jun-2023
BASML,EQ,43.45,44.4,42.15,43.8,42.7,62311,27.39,492,37748,60.58,05-Jun-2023
BATAINDIA,EQ,1559.7,1581.95,1559.7,1576.7,1557.9,110174,1733.82,7038,46602,42.30,05-Jun-2023
BAYERCROP,EQ,4350.0,4429.9,4310.0,4412.3,4294.9,18376,808.36,3982,9743,53.02,05-Jun-2023
BBETF0432,EQ,1080.0,1084.0,1077.11,1080.33,1079.48,1420,15.37,39,831,58.52,05-Jun-2023
BBL,EQ,3072.25,3200.0,3072.2,3166.65,3056.95,30360,960.59,6386,12912,42.53,05-Jun-2023
BBOX,EQ,136.9,137.7,135.0,136.0,135.6,39961,54.39,838,24761,61.96,05-Jun-2023
BBTC,EQ,952.9,972.0,936.0,938.55,948.15,26998,255.37,2722,14459,53.56,05-Jun-2023
BBTCL,EQ,230.1,231.0,221.5,223.4,229.4,3838,8.68,313,2820,73.48,05-Jun-2023
BCG,EQ,20.05,20.55,19.55,19.55,20.55,103171069,20393.71,67705,35939878,34.84,05-Jun-2023
BCLIND,EQ,469.75,469.75,460.6,463.85,462.95,73067,338.75,3738,42644,58.36,05-Jun-2023
BCONCEPTS,EQ,309.0,333.45,305.1,330.5,303.15,90796,292.77,2293,45604,50.23,05-Jun-2023
BDL,EQ,1128.0,1164.5,1123.75,1147.8,1121.85,1019748,11678.89,32652,273718,26.84,05-Jun-2023
BEARDSELL,EQ,34.35,36.6,33.15,35.85,33.4,1310818,463.52,5766,595880,45.46,05-Jun-2023
BECTORFOOD,EQ,787.1,794.8,773.2,792.3,779.3,153237,1207.41,10129,90721,59.20,05-Jun-2023
BEDMUTHA,EQ,59.25,61.0,57.6,60.05,57.6,43372,26.05,617,24928,57.47,05-Jun-2023
BEL,EQ,113.35,118.65,113.35,115.65,113.3,35214281,41194.9,131975,15647669,44.44,05-Jun-2023
BEML,EQ,1505.05,1530.0,1505.05,1510.5,1496.75,211743,3213.91,10126,90600,42.79,05-Jun-2023
BEPL,EQ,160.0,165.0,159.75,164.5,158.55,1873664,3060.16,14779,884766,47.22,05-Jun-2023
BERGEPAINT,EQ,652.45,656.0,646.5,650.1,652.45,509474,3310.85,15793,134902,26.48,05-Jun-2023
BESTAGRO,EQ,1035.0,1053.45,1025.15,1041.6,1021.6,152380,1584.32,10931,61702,40.49,05-Jun-2023
BETA,SM,766.35,782.0,766.0,773.5,766.35,4200,32.48,21,3400,80.95,05-Jun-2023
BEWLTD,SM,1141.05,1197.0,1141.05,1197.0,1157.0,1500,17.52,6,1250,83.33,05-Jun-2023
BFINVEST,EQ,385.7,390.8,380.05,380.95,385.65,18549,71.32,1813,11076,59.71,05-Jun-2023
BFUTILITIE,EQ,372.8,373.25,363.5,365.9,370.35,111826,411.34,4101,55921,50.01,05-Jun-2023
BGLOBAL,BZ,2.5,2.7,2.5,2.55,2.6,17990,0.46,25,-,-,05-Jun-2023
BGRENERGY,EQ,52.0,55.2,51.85,53.4,51.65,398648,215.15,3035,206066,51.69,05-Jun-2023
BHAGCHEM,EQ,1616.0,1624.55,1590.0,1596.65,1614.15,2867,46.0,336,1770,61.74,05-Jun-2023
BHAGERIA,EQ,133.0,133.0,131.3,132.05,131.5,13330,17.6,229,10080,75.62,05-Jun-2023
BHAGYANGR,EQ,51.2,51.2,50.2,50.35,50.75,10230,5.17,160,7493,73.25,05-Jun-2023
BHANDARI,EQ,5.05,5.05,4.9,4.95,4.95,218669,10.89,570,161430,73.82,05-Jun-2023
BHARATFORG,EQ,798.2,804.55,792.4,798.35,788.95,1708483,13646.33,31328,785717,45.99,05-Jun-2023
BHARATGEAR,EQ,121.5,123.9,120.0,121.75,119.7,107863,131.59,1742,56935,52.78,05-Jun-2023
BHARATRAS,EQ,9800.0,9890.25,9800.0,9867.7,9815.55,807,79.55,337,557,69.02,05-Jun-2023
BHARATWIRE,EQ,185.7,188.85,176.3,180.8,184.7,550935,1013.35,8558,244666,44.41,05-Jun-2023
BHARTIARTL,EQ,838.5,841.35,832.15,834.5,836.5,5298053,44338.77,60789,4052529,76.49,05-Jun-2023
BHEL,EQ,83.5,86.0,83.35,85.6,83.2,27799817,23644.88,76311,8945048,32.18,05-Jun-2023
BIGBLOC,EQ,169.8,174.9,169.05,170.2,167.6,124588,214.22,5564,56251,45.15,05-Jun-2023
BIKAJI,EQ,382.3,385.0,378.0,381.9,382.25,247742,943.37,11438,142704,57.60,05-Jun-2023
BIL,EQ,221.5,229.65,208.0,210.75,222.25,23225,50.19,1255,10636,45.80,05-Jun-2023
BINANIIND,EQ,21.65,22.4,21.55,21.85,22.05,22211,4.85,201,12725,57.29,05-Jun-2023
BIOCON,EQ,242.7,244.4,240.5,241.4,240.25,2965611,7182.32,29518,1174460,39.60,05-Jun-2023
BIOFILCHEM,EQ,44.4,45.0,44.0,44.25,43.8,15407,6.84,277,10549,68.47,05-Jun-2023
BIRET,RR,274.21,274.21,269.5,271.67,271.92,55877,151.69,1551,48402,86.62,05-Jun-2023
BIRLACABLE,EQ,182.35,190.85,181.0,187.55,181.2,1009589,1892.78,13337,301973,29.91,05-Jun-2023
BIRLACORPN,EQ,1172.0,1191.7,1161.95,1177.45,1161.0,295064,3482.16,23339,151111,51.21,05-Jun-2023
BIRLAMONEY,EQ,51.8,53.0,51.5,51.8,51.8,51977,27.08,585,30681,59.03,05-Jun-2023
BIRLATYRE,BE,4.6,4.6,4.4,4.45,4.5,193899,8.69,437,-,-,05-Jun-2023
BKMINDST,BZ,0.9,0.9,0.9,0.9,0.85,46954,0.42,37,-,-,05-Jun-2023
BLAL,EQ,156.9,159.0,155.55,156.75,155.65,89727,140.79,3816,53027,59.10,05-Jun-2023
BLBLIMITED,EQ,19.25,19.45,18.25,19.0,18.8,230627,43.74,360,195353,84.71,05-Jun-2023
BLISSGVS,EQ,73.1,74.15,73.05,73.9,73.1,72668,53.48,759,49042,67.49,05-Jun-2023
BLKASHYAP,EQ,37.75,38.7,37.55,38.05,37.4,269617,102.46,909,213464,79.17,05-Jun-2023
BLS,EQ,186.8,190.65,185.4,187.25,185.05,2854711,5371.01,58372,986516,34.56,05-Jun-2023
BLUECHIP,BE,0.4,0.4,0.4,0.4,0.35,5540,0.02,11,-,-,05-Jun-2023
BLUEDART,EQ,6235.0,6300.0,6212.85,6277.6,6244.1,6569,411.55,2263,3420,52.06,05-Jun-2023
BLUESTARCO,EQ,1441.55,1448.75,1427.0,1441.3,1441.5,60067,864.1,16897,39291,65.41,05-Jun-2023
BMETRICS,SM,279.0,279.0,273.3,273.3,287.65,7200,19.74,16,6800,94.44,05-Jun-2023
BODALCHEM,EQ,66.1,68.1,66.1,66.6,65.3,282909,189.68,2870,133600,47.22,05-Jun-2023
BOHRAIND,EQ,99.0,99.0,91.5,95.25,95.95,650,0.6,37,611,94.00,05-Jun-2023
BOMDYEING,EQ,84.5,85.8,84.25,84.55,84.0,1446326,1229.17,5888,835433,57.76,05-Jun-2023
BOROLTD,EQ,420.0,431.85,415.5,418.05,421.35,101734,429.85,6052,30533,30.01,05-Jun-2023
BORORENEW,EQ,538.55,549.0,536.9,539.7,536.05,228524,1236.74,10179,80722,35.32,05-Jun-2023
BOSCHLTD,EQ,18752.2,18970.0,18732.5,18872.65,18751.0,20032,3781.55,6422,8536,42.61,05-Jun-2023
BPCL,EQ,360.1,362.0,355.0,356.8,360.05,2929068,10448.29,30904,1317069,44.97,05-Jun-2023
BPL,EQ,60.9,64.2,60.3,62.9,60.2,446776,280.34,3437,243159,54.43,05-Jun-2023
BRIGADE,EQ,571.2,574.2,560.2,570.7,566.8,107321,609.13,6619,58883,54.87,05-Jun-2023
BRIGHT,SM,4.9,5.0,4.65,4.75,4.9,432000,20.48,109,336000,77.78,05-Jun-2023
BRITANNIA,EQ,4659.9,4712.5,4657.05,4682.6,4654.15,349558,16411.68,28361,247511,70.81,05-Jun-2023
BRITANNIA,N3,28.23,28.39,28.2,28.25,28.23,4802,1.36,305,3730,77.68,05-Jun-2023
BRNL,EQ,30.65,30.65,30.1,30.3,30.3,26518,8.04,259,20888,78.77,05-Jun-2023
BROOKS,EQ,62.1,62.8,61.0,61.4,61.9,22656,14.03,293,15939,70.35,05-Jun-2023
BSE,EQ,576.45,582.5,573.05,576.7,572.0,826948,4776.94,16546,380354,45.99,05-Jun-2023
BSHSL,BE,328.6,338.4,315.5,320.8,327.95,17155,55.49,544,-,-,05-Jun-2023
BSL,EQ,192.0,195.0,190.55,191.85,190.25,13367,25.75,226,10005,74.85,05-Jun-2023
BSLGOLDETF,EQ,54.52,54.87,53.3,53.68,54.52,211737,113.09,852,160644,75.87,05-Jun-2023
BSLNIFTY,EQ,21.45,21.45,20.97,21.02,20.96,56014,11.78,1284,37794,67.47,05-Jun-2023
BSLSENETFG,EQ,62.3,62.3,60.91,61.09,60.82,573,0.35,81,416,72.60,05-Jun-2023
BSOFT,EQ,351.3,354.0,344.75,346.45,347.8,1932526,6747.62,29960,789087,40.83,05-Jun-2023
BTML,EQ,166.0,166.0,153.75,155.45,161.8,13610,21.34,255,9106,66.91,05-Jun-2023
BURNPUR,EQ,4.55,4.55,4.5,4.5,4.5,99235,4.48,283,65001,65.50,05-Jun-2023
BUTTERFLY,EQ,1167.6,1184.0,1140.95,1157.2,1150.35,10021,115.84,881,5612,56.00,05-Jun-2023
BVCL,EQ,38.2,38.7,37.8,38.1,37.5,52029,19.93,562,30690,58.99,05-Jun-2023
BYKE,EQ,41.15,41.15,39.15,39.95,40.2,50437,20.1,458,31980,63.41,05-Jun-2023
CADSYS,SM,47.6,47.6,47.6,47.6,45.35,6000,2.86,3,6000,100.00,05-Jun-2023
CALSOFT,BE,14.2,14.25,13.85,14.0,13.95,13129,1.85,80,-,-,05-Jun-2023
CAMLINFINE,EQ,169.4,171.8,168.2,170.9,168.3,370668,630.91,4860,227876,61.48,05-Jun-2023
CAMPUS,EQ,318.5,320.45,315.6,318.4,315.45,606851,1932.25,17145,311698,51.36,05-Jun-2023
CAMS,EQ,2200.9,2207.0,2185.1,2195.75,2197.15,46912,1028.56,8439,28476,60.70,05-Jun-2023
CANBK,EQ,315.45,315.85,311.55,312.0,313.75,4397874,13784.56,28053,1677871,38.15,05-Jun-2023
CANFINHOME,EQ,728.95,731.5,712.0,713.85,725.9,496947,3570.65,18779,153822,30.95,05-Jun-2023
CANTABIL,EQ,1100.0,1100.0,1048.3,1055.25,1074.65,20480,220.05,2263,7162,34.97,05-Jun-2023
CAPACITE,EQ,165.25,184.45,165.05,183.1,163.15,3639991,6506.07,32603,1134292,31.16,05-Jun-2023
CAPLIPOINT,EQ,761.5,769.9,759.05,763.3,761.5,65450,500.8,4115,36015,55.03,05-Jun-2023
CAPTRUST,EQ,70.75,72.4,69.35,70.75,69.75,6296,4.47,139,4165,66.15,05-Jun-2023
CARBORUNIV,EQ,1174.0,1184.4,1160.05,1166.7,1164.25,161438,1882.47,5796,128537,79.62,05-Jun-2023
CAREERP,EQ,236.0,242.3,232.0,234.65,235.2,119198,281.48,4594,55807,46.82,05-Jun-2023
CARERATING,EQ,678.9,704.0,675.5,698.6,678.8,272547,1886.83,9612,167488,61.45,05-Jun-2023
CARTRADE,EQ,427.0,496.0,422.2,487.6,422.15,1883248,8910.32,60141,244515,12.98,05-Jun-2023
CARYSIL,EQ,564.9,575.0,559.35,572.0,558.65,59036,335.4,4536,35381,59.93,05-Jun-2023
CASTROLIND,EQ,115.0,116.0,114.1,114.55,114.7,602261,692.59,7756,369400,61.34,05-Jun-2023
CCHHL,EQ,7.35,7.4,7.1,7.4,7.05,127505,9.34,211,114419,89.74,05-Jun-2023
CCL,EQ,639.8,653.05,636.1,637.3,636.45,144865,934.43,9468,67015,46.26,05-Jun-2023
CDSL,EQ,1076.25,1080.3,1048.0,1049.45,1067.9,504295,5322.72,26565,268529,53.25,05-Jun-2023
CEATLTD,EQ,1944.0,1944.0,1920.0,1927.2,1928.9,131453,2534.81,10294,56085,42.67,05-Jun-2023
CELEBRITY,EQ,13.35,15.1,13.25,14.3,13.3,433760,62.55,1761,300058,69.18,05-Jun-2023
CENTENKA,EQ,400.0,406.65,398.6,402.55,400.75,35008,141.16,1334,24449,69.84,05-Jun-2023
CENTEXT,EQ,10.2,11.6,10.05,10.65,10.15,519229,56.22,1194,359619,69.26,05-Jun-2023
CENTRALBK,EQ,27.65,27.9,27.5,27.55,27.65,3528438,974.56,5445,1380753,39.13,05-Jun-2023
CENTRUM,EQ,18.65,18.65,18.1,18.25,18.25,69454,12.67,460,45850,66.01,05-Jun-2023
CENTUM,EQ,1139.0,1140.0,1060.5,1129.15,1106.6,48089,532.98,3987,25658,53.36,05-Jun-2023
CENTURYPLY,EQ,579.8,579.8,569.0,570.25,574.9,58555,335.97,3954,34748,59.34,05-Jun-2023
CENTURYTEX,EQ,795.9,800.45,791.85,794.15,790.85,57229,455.78,3524,24261,42.39,05-Jun-2023
CERA,EQ,7629.2,7690.45,7521.95,7583.6,7591.2,6058,460.87,2993,3100,51.17,05-Jun-2023
CEREBRAINT,EQ,6.7,6.7,6.6,6.6,6.55,306949,20.36,607,252089,82.13,05-Jun-2023
CESC,EQ,70.1,71.25,70.1,70.75,69.55,2765689,1956.45,11212,1668722,60.34,05-Jun-2023
CGCL,EQ,707.95,713.95,705.7,710.05,707.95,188076,1333.56,3308,32905,17.50,05-Jun-2023
CGPOWER,EQ,380.85,383.25,377.6,381.45,380.85,3094541,11802.57,15341,2618209,84.61,05-Jun-2023
CHALET,EQ,437.0,444.35,433.2,437.05,436.0,102663,450.34,6078,45048,43.88,05-Jun-2023
CHAMBLFERT,EQ,280.9,284.6,280.7,281.55,280.75,955051,2693.62,13448,455064,47.65,05-Jun-2023
CHEMBOND,EQ,379.5,402.85,379.5,386.8,378.25,161381,631.5,8293,77483,48.01,05-Jun-2023
CHEMCON,EQ,267.9,270.0,265.75,266.5,267.5,59256,158.42,2702,36799,62.10,05-Jun-2023
CHEMFAB,EQ,342.1,348.9,323.5,327.95,337.05,37616,126.17,1609,22342,59.39,05-Jun-2023
CHEMPLASTS,EQ,449.5,462.55,447.05,460.05,449.55,127726,583.45,7529,53147,41.61,05-Jun-2023
CHENNPETRO,EQ,381.3,383.5,375.0,376.2,379.9,811913,3070.36,12808,259694,31.99,05-Jun-2023
CHEVIOT,EQ,1121.65,1131.95,1117.65,1119.65,1120.3,2729,30.62,275,1879,68.85,05-Jun-2023
CHOICEIN,EQ,378.4,390.95,373.65,375.75,374.8,912896,3477.86,7203,103134,11.30,05-Jun-2023
CHOLAFIN,EQ,1041.15,1057.0,1036.55,1048.55,1039.3,1064602,11109.55,57714,581227,54.60,05-Jun-2023
CHOLAFIN,N2,1002.0,1003.0,1002.0,1003.0,1002.0,108,1.08,6,108,100.00,05-Jun-2023
CHOLAFIN,N4,1009.6,1009.6,1009.6,1009.6,1009.15,100,1.01,1,100,100.00,05-Jun-2023
CHOLAHLDNG,EQ,819.0,839.35,804.3,817.75,811.2,50556,412.11,5885,30726,60.78,05-Jun-2023
CIGNITITEC,EQ,930.65,935.0,906.65,911.55,920.25,145478,1341.92,7187,77925,53.56,05-Jun-2023
CINELINE,EQ,83.45,83.45,77.9,79.2,81.4,51102,40.81,652,30869,60.41,05-Jun-2023
CINEVISTA,EQ,12.55,13.05,12.15,13.0,12.55,55232,7.13,356,46622,84.41,05-Jun-2023
CIPLA,EQ,970.0,976.9,959.15,974.8,965.85,1469770,14263.22,48766,946304,64.38,05-Jun-2023
CLEAN,EQ,1425.0,1426.0,1412.0,1417.65,1409.85,111659,1585.64,11659,71804,64.31,05-Jun-2023
CLEDUCATE,EQ,65.0,69.45,62.2,63.35,64.6,181625,120.41,1320,123889,68.21,05-Jun-2023
CLOUD,SM,170.0,174.4,161.1,161.1,169.55,532000,870.76,421,320000,60.15,05-Jun-2023
CLSEL,EQ,176.15,179.6,174.1,175.0,175.9,266990,471.87,5864,133590,50.04,05-Jun-2023
CMICABLES,BE,10.7,10.7,10.7,10.7,11.25,18495,1.98,123,-,-,05-Jun-2023
CMNL,SM,56.5,58.0,55.3,56.15,57.5,66000,37.52,22,51000,77.27,05-Jun-2023
CMRSL,SM,130.65,130.65,130.65,130.65,130.65,800,1.05,1,800,100.00,05-Jun-2023
CMSINFO,EQ,329.45,331.0,321.1,322.9,325.7,229508,746.42,7735,126935,55.31,05-Jun-2023
COALINDIA,EQ,230.5,231.2,229.45,229.7,230.9,19807347,45590.26,102290,13367008,67.49,05-Jun-2023
COASTCORP,EQ,200.0,201.45,195.15,198.4,197.05,35242,69.72,1021,19261,54.65,05-Jun-2023
COASTPP1,E1,125.25,139.75,123.6,139.75,129.0,4222,5.47,26,2212,52.39,05-Jun-2023
COCHINSHIP,EQ,503.85,575.0,497.2,558.9,501.3,11483865,63690.07,159971,1226835,10.68,05-Jun-2023
COFFEEDAY,EQ,37.05,37.6,36.8,37.15,36.8,1426350,530.09,3692,649469,45.53,05-Jun-2023
COFORGE,EQ,4634.0,4634.0,4562.0,4592.45,4590.8,146482,6726.57,16214,47837,32.66,05-Jun-2023
COLPAL,EQ,1610.05,1624.0,1600.35,1607.5,1609.55,277500,4460.74,14758,180170,64.93,05-Jun-2023
COMPINFO,EQ,12.75,12.75,12.05,12.25,12.4,502303,61.59,1704,308590,61.44,05-Jun-2023
COMPUSOFT,EQ,21.5,21.95,21.05,21.4,21.25,134965,29.01,793,94911,70.32,05-Jun-2023
CONCOR,EQ,672.5,680.0,664.1,671.5,667.05,1604415,10724.05,28222,1135227,70.76,05-Jun-2023
CONFIPET,EQ,67.5,69.6,67.1,67.8,67.1,744477,508.65,3275,465265,62.50,05-Jun-2023
CONSOFINVT,EQ,133.7,134.0,131.75,133.05,131.7,10515,13.97,305,6807,64.74,05-Jun-2023
CONSUMBEES,EQ,88.19,88.5,88.05,88.31,88.11,27427,24.22,440,19390,70.70,05-Jun-2023
CONTI,SM,17.6,17.6,17.6,17.6,16.8,3333,0.59,1,3333,100.00,05-Jun-2023
CONTROLPR,EQ,650.4,670.0,641.15,643.55,645.95,118759,777.93,7091,54296,45.72,05-Jun-2023
COOLCAPS,SM,590.0,590.0,588.0,588.0,595.0,1000,5.89,4,1000,100.00,05-Jun-2023
CORALFINAC,EQ,33.15,33.15,32.25,32.45,32.5,22443,7.31,210,14177,63.17,05-Jun-2023
CORDSCABLE,EQ,94.95,96.4,92.5,92.95,93.6,114635,107.99,1544,63089,55.03,05-Jun-2023
COROMANDEL,EQ,960.0,968.0,946.85,960.3,953.05,276457,2647.45,17978,111868,40.46,05-Jun-2023
COSMOFIRST,EQ,608.75,609.0,591.1,595.45,599.75,49417,295.55,3038,29261,59.21,05-Jun-2023
COUNCODOS,EQ,5.05,5.1,4.3,4.5,4.7,595667,27.4,532,223656,37.55,05-Jun-2023
CPSEETF,EQ,42.24,42.25,41.79,41.96,41.79,1067205,448.86,3059,954916,89.48,05-Jun-2023
CRAFTSMAN,EQ,3865.0,3899.0,3824.4,3879.75,3819.45,105301,4052.75,7641,81465,77.36,05-Jun-2023
CRAYONS,ST,99.2,99.2,99.2,99.2,94.5,116000,115.07,55,116000,100.00,05-Jun-2023
CREATIVE,EQ,425.0,444.0,420.0,429.25,422.5,129220,555.51,1962,101447,78.51,05-Jun-2023
CREDITACC,EQ,1225.1,1239.9,1219.0,1231.45,1224.4,121255,1490.82,15225,70082,57.80,05-Jun-2023
CREDITACC,N1,1005.1,1005.1,1005.1,1005.1,1005.1,10,0.1,1,10,100.00,05-Jun-2023
CREDITACC,N3,1011.18,1011.18,1011.0,1011.14,1010.96,295,2.98,10,295,100.00,05-Jun-2023
CREDITACC,N5,1062.0,1062.0,1061.0,1061.0,1062.0,27,0.29,2,27,100.00,05-Jun-2023
CREST,EQ,188.0,188.0,185.0,186.4,185.0,9537,17.74,236,7719,80.94,05-Jun-2023
CRISIL,EQ,3804.0,3850.0,3760.45,3806.5,3771.9,19903,757.78,5273,10819,54.36,05-Jun-2023
CROMPTON,EQ,274.15,283.0,272.5,279.6,272.75,3452827,9629.08,42913,1527277,44.23,05-Jun-2023
CROWN,EQ,38.85,40.75,38.85,39.35,38.85,23046,9.29,85,21174,91.88,05-Jun-2023
CSBBANK,EQ,275.0,280.0,273.5,274.55,273.15,262920,726.42,6398,122680,46.66,05-Jun-2023
CSLFINANCE,EQ,229.95,250.0,224.25,239.25,227.05,219929,529.93,4394,144942,65.90,05-Jun-2023
CTE,EQ,67.6,68.65,65.35,66.8,67.6,64769,43.38,1208,33162,51.20,05-Jun-2023
CUB,EQ,123.9,126.2,123.8,125.35,123.45,5637309,7050.2,47598,3200241,56.77,05-Jun-2023
CUBEXTUB,BE,37.0,37.0,35.0,36.3,36.85,16246,5.87,130,-,-,05-Jun-2023
CUMMINSIND,EQ,1755.0,1788.25,1754.95,1773.8,1753.25,754132,13395.83,45796,398704,52.87,05-Jun-2023
CUPID,EQ,250.7,251.05,243.25,246.0,248.55,109756,270.0,3446,70349,64.10,05-Jun-2023
CYBERMEDIA,EQ,17.55,17.8,16.8,17.35,17.05,91543,16.02,350,40489,44.23,05-Jun-2023
CYBERTECH,EQ,136.95,142.0,135.25,137.65,136.05,204113,283.23,4795,100442,49.21,05-Jun-2023
CYIENT,EQ,1477.0,1488.7,1381.0,1393.1,1459.0,1750300,24611.16,86014,391198,22.35,05-Jun-2023
DAAWAT,EQ,120.4,123.0,115.4,116.4,119.85,2074116,2466.49,12898,1065175,51.36,05-Jun-2023
DABUR,EQ,558.55,563.0,551.55,552.25,557.2,1570130,8727.94,51495,1119387,71.29,05-Jun-2023
DALBHARAT,EQ,2150.0,2158.3,2133.35,2139.65,2139.3,149803,3215.19,12554,106847,71.33,05-Jun-2023
DALMIASUG,EQ,375.0,375.0,364.0,364.6,367.65,73301,269.76,2540,36022,49.14,05-Jun-2023
DAMODARIND,EQ,41.25,47.9,41.1,45.5,40.8,416101,192.03,3196,102680,24.68,05-Jun-2023
DANGEE,EQ,13.9,14.4,13.65,14.15,13.75,192747,27.28,297,100729,52.26,05-Jun-2023
DATAMATICS,EQ,528.9,577.05,528.0,552.5,524.6,1603433,8976.76,31355,368946,23.01,05-Jun-2023
DATAPATTNS,EQ,1704.0,1786.0,1703.05,1762.55,1702.05,390628,6851.89,25589,151738,38.84,05-Jun-2023
DBCORP,EQ,131.7,136.9,131.7,132.35,132.3,372853,500.4,4669,188755,50.62,05-Jun-2023
DBL,EQ,213.35,216.55,207.6,211.4,211.7,953376,2025.27,13915,263161,27.60,05-Jun-2023
DBOL,EQ,156.75,161.45,156.65,158.65,155.45,117554,187.19,3004,63858,54.32,05-Jun-2023
DBREALTY,EQ,81.0,86.4,80.5,80.95,80.65,1208926,1004.9,6243,710167,58.74,05-Jun-2023
DBSTOCKBRO,EQ,23.45,24.35,23.2,23.8,23.45,6170,1.46,98,2304,37.34,05-Jun-2023
DCAL,EQ,123.45,126.25,123.3,124.0,122.5,545855,680.51,4884,311040,56.98,05-Jun-2023
DCBBANK,EQ,121.85,123.1,119.7,120.05,121.4,1335065,1612.38,7002,955906,71.60,05-Jun-2023
DCI,EQ,172.25,172.35,165.5,172.35,164.15,3589,6.17,93,2427,67.62,05-Jun-2023
DCM,EQ,73.55,73.55,71.3,71.6,71.35,13995,10.05,237,9041,64.60,05-Jun-2023
DCMFINSERV,EQ,4.6,4.75,4.55,4.7,4.65,14407,0.66,146,14356,99.65,05-Jun-2023
DCMNVL,EQ,155.0,167.4,154.6,164.55,154.5,135047,220.59,3208,75362,55.80,05-Jun-2023
DCMSHRIRAM,EQ,855.4,860.9,841.2,847.0,854.3,43908,374.59,4109,30585,69.66,05-Jun-2023
DCMSRIND,EQ,72.95,75.45,72.55,73.9,72.15,192348,142.73,1770,104423,54.29,05-Jun-2023
DCW,EQ,44.05,44.45,43.0,43.2,43.75,1103358,481.32,4583,706332,64.02,05-Jun-2023
DCXINDIA,EQ,224.85,234.0,223.65,227.9,222.25,1383980,3164.65,22189,559065,40.40,05-Jun-2023
DECCANCE,EQ,450.3,464.55,445.1,447.7,450.1,30286,137.68,1379,20352,67.20,05-Jun-2023
DEEPAKFERT,EQ,561.45,563.0,551.2,552.5,556.3,802025,4438.77,10054,406705,50.71,05-Jun-2023
DEEPAKNTR,EQ,2095.0,2125.0,2095.0,2111.75,2086.65,638001,13468.78,36265,262538,41.15,05-Jun-2023
DEEPENR,EQ,108.0,111.95,106.8,111.95,106.65,57479,63.71,347,42006,73.08,05-Jun-2023
DEEPINDS,EQ,177.6,179.25,171.1,171.75,175.75,205767,361.4,5421,120859,58.74,05-Jun-2023
DELHIVERY,EQ,354.0,363.0,352.8,355.75,350.7,852619,3046.41,15260,485689,56.96,05-Jun-2023
DELPHIFX,EQ,318.65,326.65,301.9,308.65,317.75,6603,21.05,958,1564,23.69,05-Jun-2023
DELTACORP,EQ,243.15,245.55,236.15,238.1,241.9,1486675,3579.2,14372,418164,28.13,05-Jun-2023
DELTAMAGNT,EQ,75.05,76.75,74.05,74.65,75.25,6846,5.14,199,3676,53.70,05-Jun-2023
DEN,EQ,34.5,35.2,33.65,33.95,33.9,2316604,798.85,6222,1199300,51.77,05-Jun-2023
DENEERS,SM,181.75,187.7,175.15,182.5,179.95,28800,52.53,19,22800,79.17,05-Jun-2023
DENORA,EQ,1707.0,1750.0,1685.0,1707.7,1694.7,15482,266.18,1472,9048,58.44,05-Jun-2023
DENTALKART,ST,232.6,232.6,232.6,232.6,221.55,183000,425.66,126,183000,100.00,05-Jun-2023
DESTINY,SM,16.9,16.9,16.9,16.9,17.6,6000,1.01,1,6000,100.00,05-Jun-2023
DEVIT,EQ,142.95,143.0,135.75,135.75,142.9,71044,97.58,890,56960,80.18,05-Jun-2023
DEVYANI,EQ,186.5,186.5,182.0,182.45,185.6,478900,879.59,7191,256471,53.55,05-Jun-2023
DGCONTENT,EQ,15.2,16.3,14.8,15.6,15.15,16516,2.52,128,12139,73.50,05-Jun-2023
DHAMPURSUG,EQ,256.5,259.4,254.1,256.2,253.5,260308,668.46,5346,114065,43.82,05-Jun-2023
DHANBANK,EQ,17.35,17.45,17.1,17.15,17.2,678163,116.71,1512,316152,46.62,05-Jun-2023
DHANI,EQ,34.05,34.6,33.7,33.9,34.35,1958139,667.25,13225,1184359,60.48,05-Jun-2023
DHANILOANS,N7,1000.0,1000.0,1000.0,1000.0,1001.99,10,0.1,1,10,100.00,05-Jun-2023
DHANILOANS,NF,960.0,960.0,960.0,960.0,962.0,9,0.09,4,9,100.00,05-Jun-2023
DHANILOANS,NG,1070.8,1070.8,1070.8,1070.8,1070.8,5,0.05,1,5,100.00,05-Jun-2023
DHANILOANS,NS,1004.96,1004.96,982.0,982.0,980.45,14,0.14,3,14,100.00,05-Jun-2023
DHANILOANS,NU,989.9,989.9,989.9,989.9,985.0,5,0.05,1,5,100.00,05-Jun-2023
DHANILOANS,NX,1015.0,1015.0,1015.0,1015.0,1001.0,17,0.17,2,17,100.00,05-Jun-2023
DHANILOANS,Y5,995.5,995.5,990.8,990.8,1005.0,131,1.3,6,131,100.00,05-Jun-2023
DHANUKA,EQ,726.95,726.95,712.15,720.35,713.05,27436,197.36,2490,15763,57.45,05-Jun-2023
DHARMAJ,EQ,177.35,179.2,173.05,174.9,175.35,62710,110.15,2346,37032,59.05,05-Jun-2023
DHARSUGAR,BZ,8.6,8.6,8.1,8.5,8.25,7003,0.59,29,-,-,05-Jun-2023
DHRUV,EQ,51.25,51.25,50.0,50.9,50.5,44788,22.76,476,23810,53.16,05-Jun-2023
DHUNINV,EQ,687.0,694.7,682.0,684.5,686.95,1488,10.22,126,1034,69.49,05-Jun-2023
DIAMONDYD,EQ,807.1,837.45,796.0,801.65,814.55,16811,136.93,1763,10349,61.56,05-Jun-2023
DICIND,EQ,398.0,402.8,394.05,399.7,397.85,3079,12.29,206,2636,85.61,05-Jun-2023
DIGISPICE,EQ,19.45,19.6,19.15,19.45,19.35,50059,9.73,269,35672,71.26,05-Jun-2023
DIGJAMLMTD,BE,82.2,86.9,82.2,83.7,84.45,956,0.8,37,-,-,05-Jun-2023
DIL,EQ,16.75,17.0,16.45,16.55,16.85,275272,46.04,592,187906,68.26,05-Jun-2023
DISHTV,EQ,14.15,14.2,13.95,14.0,14.0,6401718,899.11,4868,3896860,60.87,05-Jun-2023
DIVGIITTS,EQ,856.7,863.35,820.0,825.95,850.55,61848,521.07,4249,35492,57.39,05-Jun-2023
DIVISLAB,EQ,3517.95,3524.75,3455.0,3462.3,3511.6,633073,21972.7,36681,325012,51.34,05-Jun-2023
DIVOPPBEES,EQ,53.4,53.4,51.17,51.84,51.86,21037,10.94,993,12684,60.29,05-Jun-2023
DIXON,EQ,3992.95,4010.0,3965.0,3980.5,3966.15,493727,19686.75,40997,173563,35.15,05-Jun-2023
DJML,EQ,172.95,172.95,167.0,168.0,168.4,1738,2.94,102,824,47.41,05-Jun-2023
DKEGL,SM,67.75,67.75,67.75,67.75,64.65,3000,2.03,1,3000,100.00,05-Jun-2023
DLF,EQ,492.0,496.05,487.1,489.25,489.3,4635248,22775.39,62271,2281005,49.21,05-Jun-2023
DLINKINDIA,EQ,232.0,237.0,225.0,229.4,230.8,609310,1398.96,11336,311421,51.11,05-Jun-2023
DMART,EQ,3550.0,3555.0,3521.7,3536.85,3531.6,182062,6447.71,19759,115132,63.24,05-Jun-2023
DMCC,EQ,246.95,248.0,243.7,245.3,242.9,13704,33.68,876,7481,54.59,05-Jun-2023
DNAMEDIA,EQ,2.75,2.8,2.75,2.75,2.7,66977,1.86,138,61823,92.30,05-Jun-2023
DODLA,EQ,548.45,548.8,526.35,540.75,544.45,44389,239.09,3062,26087,58.77,05-Jun-2023
DOLATALGO,EQ,43.4,44.6,42.9,43.25,43.35,103700,45.35,1011,57152,55.11,05-Jun-2023
DOLLAR,EQ,372.15,380.0,370.45,377.4,369.2,148349,558.7,8103,80488,54.26,05-Jun-2023
DOLLEX,SM,37.0,38.2,37.0,37.35,37.8,16000,6.0,4,12000,75.00,05-Jun-2023
DONEAR,EQ,94.5,95.0,92.75,93.15,93.6,100896,94.37,1416,51849,51.39,05-Jun-2023
DPABHUSHAN,EQ,289.95,289.95,277.5,280.75,281.3,9734,27.4,373,7901,81.17,05-Jun-2023
DPSCLTD,EQ,11.4,11.8,11.15,11.2,11.15,96126,10.9,427,55483,57.72,05-Jun-2023
DPWIRES,EQ,461.0,470.0,452.0,465.4,456.85,139127,646.15,6116,68489,49.23,05-Jun-2023
DRCSYSTEMS,EQ,41.2,41.2,39.5,40.35,39.25,16993,6.86,326,8604,50.63,05-Jun-2023
DREAMFOLKS,EQ,579.8,581.0,570.55,574.3,575.25,195776,1126.34,5854,92824,47.41,05-Jun-2023
DREDGECORP,EQ,317.65,327.15,316.0,320.15,315.4,150380,483.7,5196,47861,31.83,05-Jun-2023
DRREDDY,EQ,4631.0,4652.0,4596.7,4603.55,4610.45,226428,10453.65,25463,132196,58.38,05-Jun-2023
DSPBANKETF,EQ,43.22,45.7,43.22,44.38,44.1,2304,1.03,61,2215,96.14,05-Jun-2023
DSPGOLDETF,EQ,60.25,60.25,59.0,59.0,60.25,1703,1.02,55,1353,79.45,05-Jun-2023
DSPN50ETF,EQ,188.6,189.85,188.6,189.46,187.72,1118,2.12,35,731,65.38,05-Jun-2023
DSPNEWETF,EQ,219.91,221.16,219.78,220.9,219.1,1867,4.12,104,1636,87.63,05-Jun-2023
DSPQ50ETF,EQ,170.52,172.0,167.03,168.76,170.19,6311,10.82,137,5616,88.99,05-Jun-2023
DSPSILVETF,EQ,70.99,71.0,70.58,70.7,71.39,1968,1.39,58,1075,54.62,05-Jun-2023
DSSL,EQ,495.9,495.9,495.9,495.9,472.3,8546,42.38,142,8546,100.00,05-Jun-2023
DTIL,EQ,199.95,205.1,198.25,200.8,198.35,18202,36.65,328,15049,82.68,05-Jun-2023
DUCOL,SM,120.0,124.7,120.0,124.25,120.2,28800,35.21,14,27200,94.44,05-Jun-2023
DUCON,EQ,6.9,6.9,6.7,6.8,6.75,201127,13.64,606,160390,79.75,05-Jun-2023
DUGLOBAL,SM,44.7,44.7,44.7,44.7,42.6,2500,1.12,1,2500,100.00,05-Jun-2023
DVL,EQ,242.9,245.15,240.85,242.35,240.2,17377,42.12,666,11709,67.38,05-Jun-2023
DWARKESH,EQ,90.25,91.3,89.8,90.05,89.55,963592,871.13,7341,414776,43.04,05-Jun-2023
DYCL,EQ,235.8,245.0,235.0,239.3,234.55,149619,360.71,3670,107260,71.69,05-Jun-2023
DYNAMATECH,EQ,3358.35,3386.0,3325.4,3372.55,3309.05,14772,496.62,3069,8504,57.57,05-Jun-2023
DYNAMIC,SM,26.35,26.35,25.55,26.2,25.1,62000,16.24,29,54000,87.10,05-Jun-2023
DYNPRO,EQ,333.9,334.1,307.6,317.4,329.25,71926,229.22,5195,35753,49.71,05-Jun-2023
E2E,EQ,169.35,173.95,162.9,166.45,166.0,22001,36.86,981,11961,54.37,05-Jun-2023
EASEMYTRIP,EQ,46.0,46.45,45.45,45.6,45.6,4931181,2264.89,12219,1747835,35.44,05-Jun-2023
EASTSILK,BE,2.2,2.2,2.2,2.2,2.3,231,0.01,9,-,-,05-Jun-2023
EBANK,EQ,4721.0,4721.0,4721.0,4721.0,4721.0,2,0.09,1,2,100.00,05-Jun-2023
EBBETF0425,EQ,1166.0,1166.0,1131.52,1132.78,1132.02,6627,75.02,84,5615,84.73,05-Jun-2023
EBBETF0430,EQ,1289.9,1289.9,1278.66,1287.85,1284.22,4528,58.31,435,3330,73.54,05-Jun-2023
EBBETF0431,EQ,1150.0,1158.0,1147.84,1148.26,1149.09,10239,117.68,163,9202,89.87,05-Jun-2023
EBBETF0433,EQ,1050.67,1051.0,1048.03,1049.64,1050.68,2447,25.69,75,2007,82.02,05-Jun-2023
ECLERX,EQ,1624.0,1720.0,1605.15,1714.8,1612.8,336079,5661.09,27826,94705,28.18,05-Jun-2023
ECLFINANCE,NG,995.9,995.9,994.0,994.0,993.25,201,2.0,3,201,100.00,05-Jun-2023
ECLFINANCE,NI,1060.5,1060.5,1060.5,1060.5,1060.2,50,0.53,1,50,100.00,05-Jun-2023
ECLFINANCE,NJ,979.49,979.49,971.51,971.63,979.17,370,3.61,17,268,72.43,05-Jun-2023
ECLFINANCE,NO,994.0,995.0,994.0,995.0,995.0,246,2.45,3,246,100.00,05-Jun-2023
ECLFINANCE,NP,1031.0,1031.0,1030.3,1030.3,1030.0,100,1.03,2,100,100.00,05-Jun-2023
ECLFINANCE,NQ,1520.0,1520.0,1520.0,1520.0,1515.57,95,1.44,2,95,100.00,05-Jun-2023
ECLFINANCE,NR,1016.4,1016.4,1002.35,1002.47,1008.6,1601,16.09,39,1546,96.56,05-Jun-2023
ECLFINANCE,NS,1011.7,1011.8,1011.7,1011.8,1015.0,2,0.02,2,0,0.00,05-Jun-2023
EDELWEISS,BE,38.55,38.55,38.55,38.55,36.75,156710,60.41,421,-,-,05-Jun-2023
EDUCOMP,BZ,1.6,1.65,1.6,1.6,1.65,41610,0.67,65,-,-,05-Jun-2023
EHFLNCD,N6,1060.0,1060.0,1055.0,1055.35,1055.0,425,4.49,13,425,100.00,05-Jun-2023
EICHERMOT,EQ,3713.15,3717.5,3665.1,3673.25,3699.4,340655,12557.79,26788,186399,54.72,05-Jun-2023
EIDPARRY,EQ,487.25,490.0,474.15,475.65,486.3,221710,1064.45,10730,158855,71.65,05-Jun-2023
EIFFL,EQ,148.25,149.8,132.05,144.0,147.75,16566,24.5,138,15806,95.41,05-Jun-2023
EIHAHOTELS,EQ,493.0,510.75,492.6,502.95,494.8,122409,615.42,7291,31244,25.52,05-Jun-2023
EIHOTEL,EQ,215.9,219.4,214.45,216.15,214.45,1184648,2578.84,21986,699359,59.04,05-Jun-2023
EIMCOELECO,BE,615.0,615.0,576.3,592.2,606.6,43088,252.4,501,-,-,05-Jun-2023
EKC,EQ,102.5,104.35,102.5,103.45,101.65,360222,372.75,3864,180629,50.14,05-Jun-2023
ELDEHSG,EQ,610.85,610.85,581.5,588.65,598.75,2743,16.22,183,2044,74.52,05-Jun-2023
ELECON,EQ,542.15,559.8,540.05,552.7,537.55,410725,2269.46,13976,157122,38.25,05-Jun-2023
ELECTCAST,EQ,51.25,52.5,50.9,51.7,50.75,5421801,2797.11,11602,2710673,50.00,05-Jun-2023
ELECTHERM,EQ,100.0,101.0,96.0,96.5,98.2,83660,81.95,1178,46981,56.16,05-Jun-2023
ELGIEQUIP,EQ,548.05,554.65,527.35,531.1,544.65,321563,1739.02,14333,121319,37.73,05-Jun-2023
ELGIRUBCO,EQ,39.0,40.0,37.8,38.15,39.5,49951,19.32,418,28828,57.71,05-Jun-2023
ELIN,EQ,142.0,144.75,140.2,143.95,140.15,352101,503.53,8947,185052,52.56,05-Jun-2023
EMAMILTD,BO,397.0,397.0,397.0,397.0,396.05,101637,403.5,3,101637,100.00,05-Jun-2023
EMAMILTD,EQ,399.7,399.7,393.35,394.8,396.05,277136,1096.36,6065,191083,68.95,05-Jun-2023
EMAMIPAP,EQ,118.05,121.0,118.05,119.3,118.15,23033,27.62,412,12715,55.20,05-Jun-2023
EMAMIREAL,EQ,67.55,70.6,67.35,68.85,67.35,43499,30.12,386,19518,44.87,05-Jun-2023
EMBASSY,RR,304.0,306.49,301.0,302.78,301.98,403815,1221.99,9296,340849,84.41,05-Jun-2023
EMIL,EQ,78.0,81.0,77.7,80.0,77.6,981252,779.34,6183,528354,53.84,05-Jun-2023
EMKAY,EQ,73.0,74.9,72.5,72.75,72.45,46777,34.41,465,23797,50.87,05-Jun-2023
EMKAYTOOLS,SM,385.3,390.0,385.3,390.0,384.3,1200,4.65,2,1200,100.00,05-Jun-2023
EMMBI,EQ,88.9,93.25,88.85,92.5,88.3,84268,77.39,812,61725,73.25,05-Jun-2023
EMUDHRA,EQ,440.0,440.0,399.0,405.25,437.9,332768,1381.42,12191,174763,52.52,05-Jun-2023
ENDURANCE,EQ,1510.1,1524.8,1481.3,1494.7,1502.55,151985,2300.16,8257,122682,80.72,05-Jun-2023
ENERGYDEV,EQ,16.4,16.6,16.2,16.25,16.3,31171,5.1,200,19575,62.80,05-Jun-2023
ENGINERSIN,EQ,108.0,110.95,106.25,109.1,107.75,6655397,7246.37,31906,1995442,29.98,05-Jun-2023
ENIL,EQ,120.65,121.4,118.1,119.65,118.95,65836,79.05,916,50513,76.73,05-Jun-2023
EPL,EQ,201.9,205.55,198.0,199.1,200.3,1252791,2519.61,14703,336152,26.83,05-Jun-2023
EQUIPPP,BE,30.85,30.85,30.75,30.85,29.4,7208,2.22,33,-,-,05-Jun-2023
EQUITASBNK,EQ,87.25,88.15,86.2,87.25,87.15,5458833,4745.06,27685,2965227,54.32,05-Jun-2023
ERFLNCDI,N5,915.82,948.0,915.82,948.0,920.0,79,0.72,8,79,100.00,05-Jun-2023
ERFLNCDI,N6,906.67,920.0,906.66,911.0,912.0,149,1.36,10,109,73.15,05-Jun-2023
ERIS,EQ,642.85,645.65,638.45,642.15,638.2,21600,138.7,3147,12565,58.17,05-Jun-2023
EROSMEDIA,EQ,24.75,25.15,24.0,24.4,24.65,176003,43.53,592,107747,61.22,05-Jun-2023
ESABINDIA,EQ,3916.15,3920.0,3800.0,3857.9,3896.65,5465,212.37,2112,3474,63.57,05-Jun-2023
ESCORTS,EQ,2184.95,2215.0,2177.0,2195.65,2183.4,128269,2823.43,9115,45285,35.30,05-Jun-2023
ESSARSHPNG,EQ,9.2,9.7,9.1,9.35,9.1,640548,59.88,1172,316953,49.48,05-Jun-2023
ESSENTIA,EQ,6.85,6.9,6.65,6.65,6.75,475047,32.19,634,256528,54.00,05-Jun-2023
ESTER,EQ,112.9,118.35,112.45,117.2,112.7,150902,174.89,3161,89688,59.43,05-Jun-2023
ETHOSLTD,EQ,1288.0,1299.5,1268.15,1279.25,1276.0,27914,358.57,3194,14531,52.06,05-Jun-2023
EUROBOND,SM,122.0,124.0,122.0,122.0,124.0,14000,17.23,10,11000,78.57,05-Jun-2023
EUROTEXIND,EQ,14.7,14.7,14.7,14.7,14.0,3406,0.5,22,3406,100.00,05-Jun-2023
EVEREADY,EQ,328.75,344.05,324.5,338.75,328.75,173223,578.43,6246,70792,40.87,05-Jun-2023
EVERESTIND,EQ,821.9,829.95,808.05,813.35,812.35,10847,88.81,1121,6136,56.57,05-Jun-2023
EXCEL,EQ,0.4,0.45,0.35,0.4,0.4,7258826,28.84,1727,3446553,47.48,05-Jun-2023
EXCELINDUS,EQ,842.5,857.0,835.0,838.0,838.4,9968,84.51,1514,5024,50.40,05-Jun-2023
EXIDEIND,EQ,212.75,213.85,210.45,211.55,211.75,1142529,2419.07,15428,603403,52.81,05-Jun-2023
EXPLEOSOL,EQ,1523.0,1559.2,1520.0,1531.85,1525.35,22337,343.2,4134,10659,47.72,05-Jun-2023
EXXARO,EQ,114.7,115.6,113.8,114.0,113.75,49447,56.6,1458,30016,60.70,05-Jun-2023
FACT,EQ,309.7,316.6,308.65,312.0,307.35,535436,1674.97,9702,171334,32.00,05-Jun-2023
FAIRCHEMOR,EQ,1365.4,1378.95,1296.95,1306.85,1350.5,38456,506.52,5846,19047,49.53,05-Jun-2023
FAZE3Q,EQ,357.3,365.05,349.05,356.55,352.65,17292,61.5,955,12315,71.22,05-Jun-2023
FCL,EQ,315.35,324.6,315.0,320.6,312.85,886109,2846.05,18331,288576,32.57,05-Jun-2023
FCONSUMER,BE,1.0,1.0,0.95,0.95,1.0,4296924,42.11,1691,-,-,05-Jun-2023
FCSSOFT,EQ,2.2,2.2,2.1,2.15,2.15,2911846,62.92,2696,2108782,72.42,05-Jun-2023
FDC,EQ,298.0,299.35,293.95,297.05,297.05,179583,533.14,4355,136738,76.14,05-Jun-2023
FEDERALBNK,EQ,126.95,128.1,126.65,127.3,126.15,10321926,13153.27,42464,4317254,41.83,05-Jun-2023
FEL,BZ,0.8,0.8,0.75,0.8,0.75,965158,7.66,558,-,-,05-Jun-2023
FELDVR,BE,4.25,4.25,4.05,4.1,4.15,15619,0.65,70,-,-,05-Jun-2023
FELIX,SM,99.75,99.75,99.75,99.75,95.0,6000,5.99,5,6000,100.00,05-Jun-2023
FIBERWEB,EQ,31.05,32.2,31.0,31.65,30.6,38742,12.32,358,20820,53.74,05-Jun-2023
FIDEL,SM,75.5,75.5,73.45,73.45,75.0,12000,8.98,3,12000,100.00,05-Jun-2023
FIEMIND,EQ,1825.0,1827.2,1794.35,1813.6,1789.2,36692,666.1,4239,22006,59.97,05-Jun-2023
FILATEX,EQ,38.0,40.4,37.5,39.65,37.2,1545442,607.09,5667,770171,49.83,05-Jun-2023
FINCABLES,EQ,795.0,807.8,792.0,802.8,795.4,209148,1675.91,10932,71688,34.28,05-Jun-2023
FINEORG,EQ,4559.95,4800.0,4545.0,4769.65,4498.95,213158,9981.57,32816,82143,38.54,05-Jun-2023
FINOPB,EQ,211.45,213.5,210.5,211.6,210.3,43986,93.42,1921,28956,65.83,05-Jun-2023
FINPIPE,EQ,172.8,173.45,170.05,170.8,171.85,852730,1460.95,8470,588916,69.06,05-Jun-2023
FIVESTAR,EQ,550.0,573.15,547.45,567.85,548.25,576465,3253.13,17082,391432,67.90,05-Jun-2023
FLEXITUFF,EQ,26.65,27.95,25.85,27.1,26.65,36501,10.05,201,24969,68.41,05-Jun-2023
FLFL,BZ,4.8,4.9,4.75,4.85,4.8,58693,2.82,172,-,-,05-Jun-2023
FLUOROCHEM,EQ,3320.05,3340.0,3175.25,3192.2,3301.2,150465,4863.45,15052,97268,64.64,05-Jun-2023
FMGOETZE,EQ,321.7,334.3,319.35,329.4,321.15,126729,416.71,7184,73924,58.33,05-Jun-2023
FMNL,EQ,4.4,4.6,4.4,4.55,4.45,50384,2.28,177,37236,73.90,05-Jun-2023
FOCE,SM,585.0,640.0,585.0,640.0,615.0,400,2.45,2,400,100.00,05-Jun-2023
FOCUS,EQ,599.0,609.0,561.05,563.85,590.55,34829,201.75,1877,23946,68.75,05-Jun-2023
FOODSIN,EQ,174.7,180.0,169.1,170.75,173.35,954268,1663.98,9912,484870,50.81,05-Jun-2023
FORCEMOT,EQ,1951.0,1975.0,1851.0,1899.35,1920.3,128428,2457.84,8906,53771,41.87,05-Jun-2023
FORTIS,EQ,277.7,278.45,271.9,274.45,276.25,1162106,3182.4,32118,727346,62.59,05-Jun-2023
FOSECOIND,EQ,2890.0,2898.3,2798.95,2846.45,2858.35,7482,213.35,2318,3125,41.77,05-Jun-2023
FRETAIL,BZ,2.8,2.85,2.7,2.75,2.8,1389990,38.46,1674,-,-,05-Jun-2023
FROG,SM,207.5,227.65,205.05,222.3,204.55,280000,619.51,479,174400,62.29,05-Jun-2023
FSC,BZ,11.6,11.85,10.75,11.65,11.3,35386,4.12,156,-,-,05-Jun-2023
FSL,EQ,132.0,133.75,129.5,130.05,131.3,2165276,2842.59,15068,1044088,48.22,05-Jun-2023
FUSION,EQ,511.4,520.0,503.45,507.85,506.3,281471,1437.4,12098,144962,51.50,05-Jun-2023
GABRIEL,EQ,179.65,185.0,179.1,183.2,179.0,620354,1129.93,8478,314989,50.78,05-Jun-2023
GAEL,EQ,257.0,257.15,249.1,249.85,255.1,309403,782.55,7307,157702,50.97,05-Jun-2023
GAIL,EQ,105.0,105.2,104.1,104.45,104.6,5284220,5519.37,26694,2888214,54.66,05-Jun-2023
GAL,EQ,3.4,3.55,3.15,3.15,3.25,2744596,89.57,1133,1748869,63.72,05-Jun-2023
GALAXYSURF,EQ,2510.0,2619.95,2494.2,2551.0,2463.05,95579,2465.05,14079,17282,18.08,05-Jun-2023
GALLANTT,EQ,55.0,59.0,54.8,57.55,54.2,367649,211.44,2763,199210,54.18,05-Jun-2023
GANDHITUBE,EQ,553.35,628.95,545.0,593.55,545.15,59875,353.87,3113,28124,46.97,05-Jun-2023
GANECOS,EQ,975.0,994.85,970.0,977.15,975.05,29234,286.57,4609,14608,49.97,05-Jun-2023
GANESHBE,EQ,156.1,157.75,153.2,154.7,155.35,73193,114.14,1960,39114,53.44,05-Jun-2023
GANESHHOUC,EQ,370.0,376.65,361.6,363.2,368.55,51689,190.15,4095,19340,37.42,05-Jun-2023
GANGAFORGE,EQ,5.35,5.5,5.15,5.5,4.6,3023524,165.38,1633,1463489,48.40,05-Jun-2023
GANGESSECU,EQ,105.05,105.5,101.55,103.65,103.1,5056,5.25,140,3528,69.78,05-Jun-2023
GANGOTRI,BZ,1.0,1.05,0.95,0.95,1.0,16651,0.17,29,-,-,05-Jun-2023
GARFIBRES,EQ,3112.05,3168.0,3080.0,3092.9,3075.2,10809,336.7,3915,4971,45.99,05-Jun-2023
GATEWAY,EQ,70.5,72.75,70.25,71.9,69.35,1749193,1258.63,11606,1205695,68.93,05-Jun-2023
GATI,EQ,116.0,116.8,115.05,115.45,115.75,214618,248.9,3344,105428,49.12,05-Jun-2023
GAYAHWS,BE,0.65,0.7,0.6,0.6,0.65,774220,4.68,61,-,-,05-Jun-2023
GAYAPROJ,BE,5.4,5.4,5.4,5.4,5.15,54032,2.92,88,-,-,05-Jun-2023
GEECEE,EQ,145.05,148.15,145.0,147.05,145.5,5163,7.57,187,3648,70.66,05-Jun-2023
GEEKAYWIRE,EQ,229.0,234.95,216.35,234.95,223.8,307720,701.41,1967,205874,66.90,05-Jun-2023
GENCON,EQ,59.5,59.9,58.75,58.95,58.65,109906,64.89,454,26901,24.48,05-Jun-2023
GENESYS,EQ,334.0,343.0,322.05,332.95,326.6,41163,135.83,1711,21983,53.40,05-Jun-2023
GENUSPAPER,EQ,14.4,14.75,14.3,14.65,14.4,315499,46.24,652,279442,88.57,05-Jun-2023
GENUSPOWER,EQ,99.85,100.65,96.15,97.5,98.1,1733531,1709.27,11462,815075,47.02,05-Jun-2023
GEOJITFSL,EQ,44.0,44.9,43.75,44.5,43.7,513436,228.48,3838,228078,44.42,05-Jun-2023
GEPIL,EQ,133.4,158.55,133.4,155.95,132.15,5106473,7753.09,44539,749046,14.67,05-Jun-2023
GESHIP,EQ,690.0,719.9,677.5,708.0,686.8,792767,5575.43,27148,267774,33.78,05-Jun-2023
GET&D,BE,181.9,189.2,179.0,189.2,180.2,133514,249.76,1416,-,-,05-Jun-2023
GFLLIMITED,EQ,57.75,57.75,55.8,55.95,56.15,63368,35.66,986,49998,78.90,05-Jun-2023
GFSTEELS,BE,6.0,6.0,6.0,6.0,6.0,11382,0.68,9,-,-,05-Jun-2023
GHCL,EQ,491.95,496.75,490.0,493.65,487.0,167245,826.66,6031,110199,65.89,05-Jun-2023
GICHSGFIN,EQ,169.7,173.95,169.7,172.2,169.25,324208,557.97,3596,164815,50.84,05-Jun-2023
GICL,SM,40.7,42.3,40.0,40.0,40.8,54000,22.36,11,42000,77.78,05-Jun-2023
GICRE,EQ,188.0,188.0,182.65,183.4,186.6,670266,1236.59,7510,314520,46.92,05-Jun-2023
GILLANDERS,EQ,66.95,68.0,64.75,65.2,65.95,9676,6.37,158,7431,76.80,05-Jun-2023
GILLETTE,EQ,4467.8,4525.65,4460.0,4515.55,4445.0,41378,1852.73,3424,7789,18.82,05-Jun-2023
GILT5YBEES,EQ,52.52,52.56,52.47,52.5,52.56,1194116,627.26,1594,1187416,99.44,05-Jun-2023
GINNIFILA,EQ,22.15,23.25,22.1,23.25,22.15,81935,18.75,344,69243,84.51,05-Jun-2023
GIPCL,EQ,94.35,97.3,94.3,96.4,93.6,759648,731.55,4705,415093,54.64,05-Jun-2023
GISOLUTION,BE,18.1,18.1,18.1,18.1,19.05,8750,1.58,114,-,-,05-Jun-2023
GKWLIMITED,EQ,575.9,575.9,545.0,550.1,555.8,3277,18.46,93,3088,94.23,05-Jun-2023
GLAND,EQ,930.0,943.95,925.1,935.25,922.25,383146,3580.96,17196,229008,59.77,05-Jun-2023
GLAXO,EQ,1396.0,1415.0,1380.1,1393.9,1390.95,99415,1391.88,10695,37744,37.97,05-Jun-2023
GLENMARK,EQ,609.8,621.0,608.75,618.05,614.15,764068,4718.02,11978,208916,27.34,05-Jun-2023
GLOBAL,EQ,199.05,215.7,198.45,215.0,196.1,437643,923.01,7099,191451,43.75,05-Jun-2023
GLOBALVECT,EQ,60.55,61.75,59.65,61.35,60.3,18472,11.2,277,8821,47.75,05-Jun-2023
GLOBE,EQ,2.95,2.95,2.9,2.9,2.95,484849,14.16,419,327238,67.49,05-Jun-2023
GLOBUSSPR,EQ,1120.05,1144.8,1092.35,1103.7,1105.8,287473,3226.16,19029,99309,34.55,05-Jun-2023
GLS,EQ,551.0,551.8,533.0,537.1,547.85,141318,761.71,6251,73355,51.91,05-Jun-2023
GMBREW,EQ,575.0,578.0,569.05,570.15,574.1,45076,258.11,2031,28665,63.59,05-Jun-2023
GMDCLTD,EQ,168.05,174.75,167.7,170.1,167.25,2846803,4880.72,20652,1162001,40.82,05-Jun-2023
GMMPFAUDLR,EQ,1459.9,1479.45,1455.0,1457.8,1449.3,72720,1064.84,7360,31366,43.13,05-Jun-2023
GMRINFRA,EQ,41.5,42.0,41.1,41.55,41.3,8170749,3407.55,9760,2941316,36.00,05-Jun-2023
GMRP&UI,EQ,16.95,17.25,16.9,17.05,16.95,253826,43.43,1109,160044,63.05,05-Jun-2023
GNA,EQ,749.0,753.0,740.65,743.25,738.85,63776,475.24,3216,42075,65.97,05-Jun-2023
GNFC,EQ,588.95,589.6,582.3,582.95,585.35,461700,2700.23,15549,207309,44.90,05-Jun-2023
GOACARBON,EQ,497.9,498.4,486.2,488.65,495.7,53740,265.02,1592,34211,63.66,05-Jun-2023
GOCLCORP,EQ,322.6,323.6,314.25,317.0,318.4,28767,91.61,2589,18232,63.38,05-Jun-2023
GOCOLORS,EQ,1109.0,1145.0,1109.0,1131.35,1099.5,26117,295.2,4605,8641,33.09,05-Jun-2023
GODFRYPHLP,EQ,1718.1,1718.1,1682.0,1686.9,1704.5,45433,769.89,4709,34031,74.90,05-Jun-2023
GODHA,BE,1.25,1.3,1.25,1.25,1.3,1909899,24.09,1008,-,-,05-Jun-2023
GODREJAGRO,EQ,435.0,441.6,433.0,434.5,434.85,78360,341.99,4137,49193,62.78,05-Jun-2023
GODREJCP,EQ,1062.65,1069.0,1048.2,1052.2,1060.95,803273,8499.47,25913,538764,67.07,05-Jun-2023
GODREJIND,EQ,483.65,483.65,472.1,474.05,481.25,149849,713.84,7505,98840,65.96,05-Jun-2023
GODREJPROP,EQ,1427.0,1436.95,1410.65,1414.1,1427.45,328750,4673.99,17453,113679,34.58,05-Jun-2023
GOENKA,BZ,0.8,0.8,0.75,0.8,0.75,310866,2.46,177,-,-,05-Jun-2023
GOKEX,EQ,459.4,473.7,458.35,468.45,456.8,616725,2880.39,15465,343346,55.67,05-Jun-2023
GOKUL,EQ,29.75,30.35,29.75,29.9,30.05,47762,14.34,438,32259,67.54,05-Jun-2023
GOKULAGRO,EQ,100.9,101.9,98.2,99.45,100.2,142199,141.86,2111,95908,67.45,05-Jun-2023
GOLDBEES,EQ,51.0,51.0,50.65,50.72,51.32,5408201,2746.81,39762,3338288,61.73,05-Jun-2023
GOLDENTOBC,BZ,43.5,43.5,40.15,41.5,41.8,5956,2.46,89,-,-,05-Jun-2023
GOLDIAM,EQ,135.95,136.45,132.0,132.5,135.05,172940,231.29,3277,112395,64.99,05-Jun-2023
GOLDSHARE,EQ,51.15,51.45,50.9,50.9,51.5,134285,68.58,818,105020,78.21,05-Jun-2023
GOLDSTAR,SM,9.25,9.25,9.25,9.25,9.7,18000,1.67,1,18000,100.00,05-Jun-2023
GOLDTECH,EQ,71.9,72.95,70.15,72.95,69.5,49523,35.94,179,49112,99.17,05-Jun-2023
GOODLUCK,EQ,464.8,465.0,456.5,459.05,458.45,64132,295.13,2497,22542,35.15,05-Jun-2023
GOODYEAR,EQ,1218.0,1219.35,1187.0,1190.25,1210.75,36275,435.31,5123,22095,60.91,05-Jun-2023
GOYALALUM,EQ,12.15,12.15,12.15,12.15,12.75,155194,18.86,674,155194,100.00,05-Jun-2023
GPIL,EQ,375.0,375.0,357.5,360.0,367.25,446062,1619.55,8204,286846,64.31,05-Jun-2023
GPPL,EQ,111.05,112.45,110.65,111.3,110.65,1066215,1190.53,11720,664087,62.28,05-Jun-2023
GPTINFRA,EQ,59.1,59.75,58.05,58.45,58.85,76437,45.05,816,40539,53.04,05-Jun-2023
GRANULES,EQ,288.25,288.4,284.0,284.75,286.95,606860,1734.09,11410,254014,41.86,05-Jun-2023
GRAPHITE,EQ,379.0,388.4,372.1,374.9,375.45,4283956,16216.94,64093,893012,20.85,05-Jun-2023
GRASIM,EQ,1719.0,1744.5,1712.0,1734.5,1710.55,767386,13310.7,31420,368984,48.08,05-Jun-2023
GRAUWEIL,EQ,107.3,108.55,106.6,107.05,107.3,369602,396.95,5973,216363,58.54,05-Jun-2023
GRAVITA,EQ,622.8,639.0,620.05,628.15,617.65,363315,2296.31,14058,163751,45.07,05-Jun-2023
GRCL,SM,35.9,44.85,35.9,41.5,41.4,28000,11.65,7,16000,57.14,05-Jun-2023
GREAVESCOT,EQ,132.45,137.5,132.45,135.25,130.8,4047204,5485.55,25700,1776756,43.90,05-Jun-2023
GREENLAM,EQ,370.0,377.4,361.1,376.05,366.2,57654,214.3,2829,34532,59.90,05-Jun-2023
GREENPANEL,EQ,322.95,328.9,318.0,325.75,319.15,342589,1107.44,10489,151266,44.15,05-Jun-2023
GREENPLY,EQ,167.55,168.3,163.45,164.05,165.5,197556,326.39,3810,100080,50.66,05-Jun-2023
GREENPOWER,EQ,9.0,9.15,8.95,9.0,9.0,3707689,335.08,2737,1400099,37.76,05-Jun-2023
GRINDWELL,EQ,2100.6,2129.0,2080.0,2089.35,2089.6,14550,305.56,6486,7002,48.12,05-Jun-2023
GRINFRA,EQ,1287.0,1308.0,1270.0,1275.9,1277.1,30425,390.33,3208,16641,54.70,05-Jun-2023
GRMOVER,EQ,170.2,174.45,164.95,167.4,170.95,67951,114.5,1550,41490,61.06,05-Jun-2023
GROBTEA,EQ,767.0,800.0,767.0,770.95,783.45,233,1.83,68,171,73.39,05-Jun-2023
GRPLTD,EQ,3880.0,3880.05,3759.95,3827.95,3728.25,1552,59.74,237,1207,77.77,05-Jun-2023
GRSE,EQ,467.0,526.0,464.55,505.0,463.4,5322415,26803.81,97256,665780,12.51,05-Jun-2023
GRWRHITECH,EQ,790.0,798.0,746.0,774.75,776.4,85869,658.88,8253,39353,45.83,05-Jun-2023
GSFC,EQ,161.55,164.2,160.65,161.9,160.3,2145109,3485.59,11900,840726,39.19,05-Jun-2023
GSLSU,EQ,195.7,202.3,192.95,201.25,194.0,143103,285.8,4780,55167,38.55,05-Jun-2023
GSPL,EQ,304.2,304.2,295.05,296.6,302.6,599679,1782.12,12873,385363,64.26,05-Jun-2023
GSS,EQ,185.05,188.0,184.5,185.65,184.65,12941,24.03,430,5488,42.41,05-Jun-2023
GSTL,SM,84.7,87.0,84.7,84.7,89.15,24000,20.4,20,22000,91.67,05-Jun-2023
GTL,EQ,5.8,5.95,5.75,5.95,5.75,344499,20.23,627,234182,67.98,05-Jun-2023
GTLINFRA,EQ,0.8,0.85,0.75,0.8,0.8,20542634,163.97,9798,8125638,39.55,05-Jun-2023
GTPL,EQ,109.9,111.8,108.55,109.05,109.35,41389,45.51,660,24895,60.15,05-Jun-2023
GUFICBIO,EQ,199.1,200.9,196.05,197.05,199.15,91686,181.8,2490,58779,64.11,05-Jun-2023
GUJALKALI,EQ,656.95,656.95,647.7,648.8,649.35,52373,341.16,7797,29147,55.65,05-Jun-2023
GUJAPOLLO,EQ,198.4,198.4,194.05,194.55,195.85,1651,3.23,94,1237,74.92,05-Jun-2023
GUJGASLTD,EQ,479.0,479.9,472.7,475.3,475.0,923028,4391.0,15247,492642,53.37,05-Jun-2023
GUJRAFFIA,BE,28.45,29.15,27.5,29.0,28.45,1054,0.3,19,-,-,05-Jun-2023
GULFOILLUB,EQ,464.0,465.0,455.0,456.7,458.0,33957,156.59,3809,18663,54.96,05-Jun-2023
GULFPETRO,EQ,36.6,37.9,36.15,37.25,36.4,150905,56.05,804,105470,69.89,05-Jun-2023
GULPOLY,EQ,270.45,277.4,270.25,274.7,264.3,175678,480.94,4897,106611,60.69,05-Jun-2023
GVKPIL,EQ,2.45,2.45,2.4,2.4,2.4,841990,20.4,943,535316,63.58,05-Jun-2023
HAL,EQ,3183.75,3326.0,3175.3,3283.5,3167.95,2392484,78390.54,121305,484779,20.26,05-Jun-2023
HAPPSTMNDS,EQ,935.0,947.65,926.2,928.45,928.9,201852,1888.69,11744,99233,49.16,05-Jun-2023
HARDWYN,EQ,51.3,51.3,47.2,51.1,622.1,2234493,1137.81,7923,925522,41.42,05-Jun-2023
HARIOMPIPE,EQ,666.0,670.85,640.1,655.5,656.75,78834,519.01,4433,44818,56.85,05-Jun-2023
HARRMALAYA,EQ,120.0,122.0,120.0,120.7,119.5,23697,28.62,342,17071,72.04,05-Jun-2023
HARSHA,EQ,436.7,449.5,432.15,443.0,433.0,186543,827.59,8565,82583,44.27,05-Jun-2023
HATHWAY,EQ,14.65,14.9,14.25,14.35,14.55,4228996,614.15,7936,2150134,50.84,05-Jun-2023
HATSUN,EQ,885.65,888.0,873.8,879.85,881.25,7221,63.49,1310,3808,52.74,05-Jun-2023
HAVELLS,EQ,1331.0,1353.85,1327.0,1347.2,1331.45,953995,12785.44,40098,512849,53.76,05-Jun-2023
HAVISHA,BE,1.8,1.8,1.75,1.8,1.8,17873,0.31,81,-,-,05-Jun-2023
HBANKETF,EQ,445.42,448.0,445.42,446.24,443.33,2653,11.85,150,2006,75.61,05-Jun-2023
HBLPOWER,EQ,119.0,124.65,118.15,120.95,112.3,19598752,23861.87,86674,5603273,28.59,05-Jun-2023
HBSL,EQ,47.85,49.0,46.8,47.35,46.55,12286,5.88,340,8001,65.12,05-Jun-2023
HCC,EQ,18.8,19.25,18.6,18.8,18.65,21776686,4111.36,11043,8067650,37.05,05-Jun-2023
HCG,EQ,324.7,327.5,317.0,320.5,317.7,410364,1324.15,12854,266866,65.03,05-Jun-2023
HCL-INSYS,EQ,14.15,14.25,13.9,13.95,14.05,413625,58.15,1422,211590,51.16,05-Jun-2023
HCLTECH,EQ,1144.0,1148.5,1136.0,1138.3,1137.05,1435758,16399.95,69180,1047933,72.99,05-Jun-2023
HDFC,EQ,2658.0,2661.9,2642.0,2644.8,2645.9,4714971,125089.83,92945,3685375,78.16,05-Jun-2023
HDFC,W3,482.0,487.05,470.0,472.05,472.5,56400,266.69,47,48600,86.17,05-Jun-2023
HDFCAMC,EQ,1974.75,1977.9,1953.0,1963.1,1964.9,500466,9814.16,16264,353439,70.62,05-Jun-2023
HDFCBANK,EQ,1614.5,1616.5,1602.45,1604.4,1606.5,9348621,150556.21,153663,2890771,30.92,05-Jun-2023
HDFCBSE500,EQ,27.48,27.97,26.52,27.51,26.81,4076,1.11,120,2781,68.23,05-Jun-2023
HDFCGROWTH,EQ,94.33,95.0,94.07,94.5,94.33,2111,1.99,34,1288,61.01,05-Jun-2023
HDFCLIFE,EQ,578.05,580.95,573.0,574.15,576.4,2230529,12846.7,55141,1255080,56.27,05-Jun-2023
HDFCLOWVOL,EQ,140.55,140.89,139.82,139.82,140.55,970,1.36,22,841,86.70,05-Jun-2023
HDFCMFGETF,EQ,52.49,52.59,52.02,52.4,52.93,1273914,667.4,4440,1099016,86.27,05-Jun-2023
HDFCMID150,EQ,127.0,128.6,126.5,127.31,127.52,8950,11.44,51,8420,94.08,05-Jun-2023
HDFCMOMENT,EQ,206.63,209.0,205.89,207.1,205.8,2331,4.85,53,1784,76.53,05-Jun-2023
HDFCNEXT50,EQ,423.92,426.5,418.01,423.8,423.87,393,1.67,45,298,75.83,05-Jun-2023
HDFCNIF100,EQ,186.45,188.79,186.4,186.84,185.04,6167,11.61,63,5140,83.35,05-Jun-2023
HDFCNIFETF,EQ,202.57,202.88,201.81,202.67,201.55,63870,129.41,471,61951,97.00,05-Jun-2023
HDFCNIFIT,EQ,296.45,297.18,293.99,296.99,296.31,1472,4.36,42,992,67.39,05-Jun-2023
HDFCPVTBAN,EQ,225.26,226.4,225.0,226.4,223.66,1359,3.07,28,753,55.41,05-Jun-2023
HDFCQUAL,EQ,42.41,42.41,42.06,42.29,42.41,2907,1.23,51,2153,74.06,05-Jun-2023
HDFCSENETF,EQ,690.97,690.98,685.34,686.23,684.64,1996,13.74,227,1515,75.90,05-Jun-2023
HDFCSILVER,EQ,71.27,71.27,70.37,70.66,71.51,62977,44.48,509,49217,78.15,05-Jun-2023
HDFCSML250,EQ,103.0,103.0,100.63,101.01,101.03,224438,227.22,1222,186625,83.15,05-Jun-2023
HDFCVALUE,EQ,97.03,98.0,96.56,96.72,96.65,1732,1.69,57,1054,60.85,05-Jun-2023
HDIL,BZ,2.65,2.65,2.65,2.65,2.55,44022,1.17,120,-,-,05-Jun-2023
HEADSUP,EQ,13.25,13.25,12.65,12.8,13.05,136100,17.44,653,52730,38.74,05-Jun-2023
HEALTHY,EQ,8.62,8.64,8.37,8.39,8.41,136600,11.5,386,88461,64.76,05-Jun-2023
HECPROJECT,EQ,35.65,37.95,35.65,37.95,34.5,11894,4.46,85,10029,84.32,05-Jun-2023
HEG,EQ,1306.5,1331.4,1285.25,1294.7,1303.4,644951,8450.44,28748,166491,25.81,05-Jun-2023
HEIDELBERG,EQ,170.45,172.4,169.0,169.9,169.95,237633,405.7,5318,178241,75.01,05-Jun-2023
HEMIPROP,EQ,100.9,102.4,99.3,99.9,99.85,734004,737.85,5372,310322,42.28,05-Jun-2023
HERANBA,EQ,335.05,344.35,333.65,337.9,330.35,61391,208.68,4544,30126,49.07,05-Jun-2023
HERCULES,EQ,266.65,270.85,264.55,266.5,264.45,71335,190.47,2588,34088,47.79,05-Jun-2023
HERITGFOOD,EQ,208.55,212.1,202.65,203.65,208.2,317685,656.42,6623,167987,52.88,05-Jun-2023
HEROMOTOCO,EQ,2910.05,2919.8,2865.0,2870.6,2892.65,620625,17922.21,32479,291121,46.91,05-Jun-2023
HESTERBIO,EQ,1642.7,1656.4,1630.7,1638.5,1636.9,1443,23.67,199,911,63.13,05-Jun-2023
HEUBACHIND,EQ,316.95,318.75,312.15,313.6,313.9,20212,63.7,2293,12122,59.97,05-Jun-2023
HEXATRADEX,EQ,143.1,153.5,143.05,150.4,145.6,9206,13.72,319,5172,56.18,05-Jun-2023
HFCL,EQ,65.0,68.15,64.95,67.5,64.65,13345652,8961.43,29263,4804267,36.00,05-Jun-2023
HGINFRA,EQ,948.0,963.8,931.0,955.9,942.95,274244,2611.04,16559,77682,28.33,05-Jun-2023
HGS,EQ,1148.0,1148.0,1121.0,1123.95,1141.35,18565,210.33,2735,11477,61.82,05-Jun-2023
HIKAL,EQ,325.0,329.0,320.0,321.9,319.45,849536,2753.18,16005,317656,37.39,05-Jun-2023
HIL,EQ,2899.0,2945.0,2846.1,2925.95,2859.3,25543,740.06,5488,14767,57.81,05-Jun-2023
HILTON,EQ,161.45,164.0,157.7,159.1,161.45,151012,244.25,1356,51706,34.24,05-Jun-2023
HIMATSEIDE,EQ,102.5,106.4,101.25,103.0,102.0,1841078,1908.15,16249,863182,46.88,05-Jun-2023
HINDALCO,EQ,424.85,426.0,418.4,419.7,420.75,8039709,33823.82,78727,4659611,57.96,05-Jun-2023
HINDCOMPOS,EQ,321.0,342.0,321.0,331.8,320.1,69414,232.03,2744,23152,33.35,05-Jun-2023
HINDCON,EQ,89.1,90.5,89.1,89.15,89.4,15935,14.31,400,11356,71.26,05-Jun-2023
HINDCOPPER,EQ,114.0,115.35,113.75,114.35,113.8,3137680,3591.19,16125,1398187,44.56,05-Jun-2023
HINDMOTORS,EQ,15.35,15.35,14.65,14.7,15.0,771866,114.77,1643,571436,74.03,05-Jun-2023
HINDNATGLS,BE,11.75,11.95,11.0,11.8,11.4,101332,11.9,199,-,-,05-Jun-2023
HINDOILEXP,EQ,187.4,197.85,186.0,196.2,186.3,2333758,4497.3,19534,897283,38.45,05-Jun-2023
HINDPETRO,EQ,258.15,258.85,253.3,256.5,258.55,2728973,6966.34,29931,1130122,41.41,05-Jun-2023
HINDUNILVR,EQ,2716.45,2722.0,2684.15,2695.8,2716.7,1000190,26963.36,77118,731563,73.14,05-Jun-2023
HINDWAREAP,EQ,517.3,519.65,491.45,508.5,515.1,149768,756.59,4314,86385,57.68,05-Jun-2023
HINDZINC,EQ,305.85,309.9,305.5,306.9,306.5,421092,1295.75,13605,207689,49.32,05-Jun-2023
HIRECT,EQ,286.0,297.85,280.05,282.35,284.15,38692,111.27,1782,25388,65.62,05-Jun-2023
HISARMETAL,EQ,138.0,141.7,135.2,136.8,138.7,44281,61.18,1257,25385,57.33,05-Jun-2023
HITECH,EQ,78.5,80.65,78.3,80.05,77.55,1062235,845.43,6186,675664,63.61,05-Jun-2023
HITECHCORP,EQ,210.2,216.0,202.0,204.65,206.2,23298,47.97,647,17876,76.73,05-Jun-2023
HITECHGEAR,EQ,334.2,385.3,334.2,385.3,321.1,777363,2851.58,19778,180770,23.25,05-Jun-2023
HLEGLAS,EQ,647.0,672.0,645.0,665.45,638.0,503545,3339.14,25299,140397,27.88,05-Jun-2023
HLVLTD,EQ,11.75,11.9,11.6,11.85,11.55,409438,48.27,788,324758,79.32,05-Jun-2023
HMT,BZ,31.6,33.15,31.5,33.15,31.6,41603,13.67,230,-,-,05-Jun-2023
HMVL,EQ,65.5,67.85,62.6,64.1,64.8,267865,177.1,2616,135007,50.40,05-Jun-2023
HNDFDS,EQ,571.45,578.8,562.0,564.1,565.0,66897,379.75,5188,44578,66.64,05-Jun-2023
HNGSNGBEES,EQ,277.99,278.0,275.0,277.6,274.47,25295,70.02,755,18411,72.79,05-Jun-2023
HOMEFIRST,EQ,776.0,776.0,760.0,768.25,761.95,325638,2504.53,15243,247534,76.02,05-Jun-2023
HOMESFY,SM,415.05,415.05,413.2,413.2,434.95,5700,23.56,16,5400,94.74,05-Jun-2023
HONAUT,EQ,41250.0,41698.5,40970.0,41132.5,41247.95,3977,1637.74,2788,1959,49.26,05-Jun-2023
HONDAPOWER,EQ,2170.0,2210.0,2148.05,2158.6,2142.9,11032,239.79,3466,3981,36.09,05-Jun-2023
HOVS,EQ,46.5,46.9,45.2,45.75,45.9,19571,8.99,210,12074,61.69,05-Jun-2023
HPAL,EQ,437.85,447.5,434.85,439.0,438.6,162808,718.61,4839,66821,41.04,05-Jun-2023
HPIL,EQ,92.2,92.2,88.0,88.6,89.35,4900,4.34,87,4617,94.22,05-Jun-2023
HPL,EQ,100.5,102.9,98.8,99.2,98.85,623522,627.96,7630,327387,52.51,05-Jun-2023
HSCL,EQ,127.65,133.25,127.55,131.7,126.9,5594474,7359.56,35569,2219814,39.68,05-Jun-2023
HTMEDIA,EQ,19.7,20.15,19.6,19.65,19.65,133538,26.44,640,102115,76.47,05-Jun-2023
HUBTOWN,EQ,43.3,44.35,42.15,42.5,43.2,63838,27.47,535,40365,63.23,05-Jun-2023
HUDCO,EQ,61.9,62.4,61.1,61.8,61.35,15678637,9678.16,43090,5452506,34.78,05-Jun-2023
HUDCO,N2,1110.0,1128.85,1109.21,1117.46,1110.0,100,1.12,3,100,100.00,05-Jun-2023
HUDCO,N8,1154.79,1155.0,1154.79,1155.0,1151.94,1300,15.01,9,1300,100.00,05-Jun-2023
HUDCO,ND,1198.0,1198.0,1195.11,1195.5,1195.0,870,10.4,8,870,100.00,05-Jun-2023
HUDCO,NE,1324.1,1327.9,1323.0,1326.0,1327.9,327,4.34,10,317,96.94,05-Jun-2023
HUHTAMAKI,EQ,290.0,290.55,273.95,276.9,287.75,93611,263.96,5151,48985,52.33,05-Jun-2023
HYBRIDFIN,BE,8.1,8.5,7.8,8.5,8.1,3501,0.3,25,-,-,05-Jun-2023
IBMFNIFTY,EQ,191.98,194.0,190.58,190.99,191.98,1322,2.54,85,386,29.20,05-Jun-2023
IBREALEST,EQ,70.95,71.3,69.4,69.65,70.5,7656625,5366.11,23041,3215541,42.00,05-Jun-2023
IBUCCREDIT,N7,994.98,994.98,994.98,994.98,975.56,25,0.25,1,25,100.00,05-Jun-2023
IBUCCREDIT,NB,926.0,969.0,926.0,960.0,925.0,56,0.53,6,56,100.00,05-Jun-2023
IBUCCREDIT,NO,1000.0,1000.0,995.0,995.0,1000.0,9,0.09,2,9,100.00,05-Jun-2023
IBUCCREDIT,NZ,1002.0,1002.0,1002.0,1002.0,1002.0,20,0.2,2,20,100.00,05-Jun-2023
IBULHSGFIN,AB,911.0,975.0,911.0,975.0,975.0,36,0.33,4,36,100.00,05-Jun-2023
IBULHSGFIN,AC,915.0,915.0,915.0,915.0,1000.0,10,0.09,1,10,100.00,05-Jun-2023
IBULHSGFIN,AG,950.0,950.0,950.0,950.0,950.0,20,0.19,3,20,100.00,05-Jun-2023
IBULHSGFIN,EQ,114.15,115.5,113.0,114.2,113.55,8225136,9400.97,26479,2195799,26.70,05-Jun-2023
IBULHSGFIN,N9,975.0,975.0,960.0,960.0,980.0,60,0.58,6,60,100.00,05-Jun-2023
IBULHSGFIN,,960.0,961.0,960.0,961.0,978.0,101,0.97,2,101,100.00,05-Jun-2023
IBULHSGFIN,NB,1590.0,1590.0,1590.0,1590.0,1590.0,10,0.16,2,10,100.00,05-Jun-2023
IBULHSGFIN,NG,1043.8,1043.8,1035.0,1035.0,1043.8,113,1.17,2,113,100.00,05-Jun-2023
IBULHSGFIN,NH,1040.0,1040.0,1034.2,1037.01,1040.0,66,0.68,7,66,100.00,05-Jun-2023
IBULHSGFIN,NT,985.0,991.0,985.0,991.0,1000.0,100,0.99,2,100,100.00,05-Jun-2023
IBULHSGFIN,Y3,970.0,970.0,970.0,970.0,970.0,15,0.15,1,15,100.00,05-Jun-2023
IBULHSGFIN,YK,969.0,969.0,969.0,969.0,969.0,25,0.24,1,25,100.00,05-Jun-2023
IBULHSGFIN,YV,1018.6,1018.6,996.8,996.8,1017.0,31,0.31,3,31,100.00,05-Jun-2023
IBULHSGFIN,ZK,910.1,910.1,910.1,910.1,950.0,5,0.05,1,5,100.00,05-Jun-2023
ICDSLTD,BE,26.65,27.35,25.45,27.2,26.65,698,0.19,16,-,-,05-Jun-2023
ICEMAKE,EQ,380.0,387.0,373.1,387.0,368.6,51751,198.14,933,46148,89.17,05-Jun-2023
ICICI10GS,EQ,216.4,217.1,216.4,216.87,216.85,50,0.11,16,20,40.00,05-Jun-2023
ICICI500,EQ,26.54,26.87,26.54,26.62,26.53,39144,10.43,456,31893,81.48,05-Jun-2023
ICICI5GSEC,EQ,53.03,53.25,53.03,53.25,53.03,667,0.35,22,663,99.40,05-Jun-2023
ICICIALPLV,EQ,187.09,188.13,187.04,187.07,187.1,116063,217.96,639,81070,69.85,05-Jun-2023
ICICIAUTO,EQ,146.57,147.61,145.44,147.33,145.12,24716,36.37,648,20053,81.13,05-Jun-2023
ICICIB22,EQ,65.5,65.5,63.5,63.93,63.57,181024,115.88,2884,107925,59.62,05-Jun-2023
ICICIBANK,EQ,943.0,951.8,943.0,946.75,938.15,10751684,101967.46,124104,2500361,23.26,05-Jun-2023
ICICIBANKN,EQ,45.5,45.5,44.43,44.46,44.3,579608,258.16,467,567168,97.85,05-Jun-2023
ICICIBANKP,EQ,224.66,224.89,223.22,224.24,222.69,10177,22.81,149,6309,61.99,05-Jun-2023
ICICICOMMO,EQ,58.48,58.86,58.44,58.75,58.48,25881,15.2,61,22686,87.66,05-Jun-2023
ICICICONSU,EQ,81.4,82.08,81.4,81.53,81.79,2617,2.14,41,887,33.89,05-Jun-2023
ICICIFIN,EQ,18.1,18.48,17.83,17.86,17.79,17724,3.17,105,13487,76.09,05-Jun-2023
ICICIFMCG,EQ,534.98,534.98,525.93,526.4,528.6,8235,43.48,357,6719,81.59,05-Jun-2023
ICICIGI,EQ,1237.25,1243.2,1220.05,1226.25,1232.9,342547,4205.32,26747,171490,50.06,05-Jun-2023
ICICIGOLD,EQ,52.73,52.73,52.04,52.25,52.9,503477,263.16,7872,327720,65.09,05-Jun-2023
ICICIINFRA,EQ,55.72,56.06,55.58,55.78,55.72,3374,1.89,60,2154,63.84,05-Jun-2023
ICICILIQ,EQ,1000.0,1000.92,999.99,999.99,999.99,357566,3575.66,1389,296233,82.85,05-Jun-2023
ICICILOVOL,EQ,152.68,152.68,150.8,150.96,150.95,199529,301.39,1409,185965,93.20,05-Jun-2023
ICICIM150,EQ,129.99,130.39,129.35,130.1,129.34,47868,62.29,810,44849,93.69,05-Jun-2023
ICICIMCAP,EQ,107.79,107.79,106.25,106.45,106.37,22021,23.53,276,14664,66.59,05-Jun-2023
ICICIMOM30,EQ,20.95,21.02,20.85,20.94,20.81,59110,12.41,93,55862,94.51,05-Jun-2023
ICICINF100,EQ,205.37,205.37,201.57,203.18,201.58,8826,17.92,684,6690,75.80,05-Jun-2023
ICICINIFTY,EQ,204.1,204.1,202.79,203.21,202.58,91849,186.92,7247,71522,77.87,05-Jun-2023
ICICINV20,EQ,106.48,106.48,105.39,105.59,105.43,45892,48.56,1730,34485,75.14,05-Jun-2023
ICICINXT50,EQ,45.05,45.05,43.01,43.83,43.73,210111,92.15,2424,185728,88.40,05-Jun-2023
ICICIPHARM,EQ,84.38,84.59,84.09,84.13,84.38,11415,9.64,173,9379,82.16,05-Jun-2023
ICICIPRULI,EQ,473.15,487.0,472.35,485.75,471.8,2460361,11861.07,49060,1593155,64.75,05-Jun-2023
ICICISENSX,EQ,694.51,698.34,693.97,694.43,694.01,3400,23.7,297,2716,79.88,05-Jun-2023
ICICISILVE,EQ,73.5,73.5,73.0,73.19,74.13,129854,95.08,986,104239,80.27,05-Jun-2023
ICICITECH,EQ,30.99,30.99,30.55,30.59,30.59,299754,91.86,829,165539,55.22,05-Jun-2023
ICIL,EQ,196.0,214.85,195.95,210.85,193.65,4331517,8955.37,47042,759401,17.53,05-Jun-2023
ICRA,EQ,4935.0,5000.0,4868.0,4899.95,4934.75,20653,1028.33,1758,18737,90.72,05-Jun-2023
IDBI,EQ,55.9,57.0,55.6,55.9,55.4,9520771,5350.62,13981,4193347,44.04,05-Jun-2023
IDBIGOLD,EQ,5519.85,5519.85,5452.55,5464.0,5522.85,279,15.28,112,181,64.87,05-Jun-2023
IDEA,EQ,7.2,7.25,7.05,7.15,7.15,34807393,2486.71,46477,12551354,36.06,05-Jun-2023
IDFC,EQ,99.1,100.65,98.95,100.0,98.9,5340925,5329.93,27908,2372600,44.42,05-Jun-2023
IDFCFIRSTB,EQ,73.6,74.1,73.05,73.7,72.9,29709631,21894.87,70844,13731370,46.22,05-Jun-2023
IDFNIFTYET,EQ,198.67,199.34,198.02,198.11,197.94,126,0.25,5,75,59.52,05-Jun-2023
IEL,EQ,8.35,8.5,8.1,8.5,8.1,359816,30.4,561,260541,72.41,05-Jun-2023
IEX,EQ,153.2,153.95,152.5,153.2,152.75,2919012,4476.93,25559,1574036,53.92,05-Jun-2023
IFBAGRO,EQ,489.0,489.0,481.45,485.55,483.2,3495,16.97,357,2449,70.07,05-Jun-2023
IFBIND,EQ,814.75,820.45,798.05,799.95,810.65,27640,222.74,2713,17461,63.17,05-Jun-2023
IFCI,EQ,11.45,11.6,11.35,11.4,11.4,3011711,345.81,3087,1443986,47.95,05-Jun-2023
IFCI,NH,1050.0,1050.0,1047.0,1048.32,1049.0,190,1.99,12,190,100.00,05-Jun-2023
IFGLEXPOR,EQ,319.9,329.0,318.1,321.55,316.35,96129,311.03,5080,55279,57.51,05-Jun-2023
IGARASHI,EQ,467.3,506.0,461.0,496.2,461.5,591388,2890.09,21726,185964,31.45,05-Jun-2023
IGL,EQ,460.0,464.5,457.15,463.55,459.25,1099894,5083.89,24870,525567,47.78,05-Jun-2023
IGPL,EQ,462.55,466.5,457.65,459.05,460.2,24907,114.72,1191,15181,60.95,05-Jun-2023
IIFCL,N4,1305.0,1305.0,1292.2,1300.76,1305.0,428,5.56,20,400,93.46,05-Jun-2023
IIFL,EQ,476.0,483.75,465.0,470.5,471.05,922125,4359.8,21277,530382,57.52,05-Jun-2023
IIFL,NE,1011.0,1018.0,1011.0,1015.0,1008.0,480,4.88,6,480,100.00,05-Jun-2023
IIFL,NF,997.2,1000.0,997.2,999.92,998.42,2067,20.66,26,2057,99.52,05-Jun-2023
IIFL,NG,1154.0,1154.0,1154.0,1154.0,1154.0,500,5.77,2,500,100.00,05-Jun-2023
IIFL,NH,1040.0,1047.0,1039.56,1046.32,1048.71,260,2.72,8,210,80.77,05-Jun-2023
IIFL,NJ,1016.01,1042.8,1016.0,1042.8,1016.01,875,8.92,9,850,97.14,05-Jun-2023
IIFL,NK,1070.55,1072.85,1070.55,1072.85,1125.0,20,0.21,2,20,100.00,05-Jun-2023
IIFL,NL,970.1,973.0,965.0,973.0,970.1,710,6.88,18,610,85.92,05-Jun-2023
IIFL,NM,1021.0,1050.0,1021.0,1042.27,1036.31,277,2.89,11,272,98.19,05-Jun-2023
IIFL,NP,970.95,970.95,970.95,970.95,970.0,10,0.1,2,10,100.00,05-Jun-2023
IIFL,NS,973.89,974.9,968.0,974.9,973.89,232,2.25,15,217,93.53,05-Jun-2023
IIFL,NT,1000.0,1000.0,1000.0,1000.0,955.65,25,0.25,1,25,100.00,05-Jun-2023
IIFLSEC,EQ,61.9,61.9,60.1,61.5,60.45,401834,245.09,3153,237153,59.02,05-Jun-2023
IIHFL,N5,996.51,1000.0,996.5,1000.0,1000.0,1727,17.21,34,1642,95.08,05-Jun-2023
IIHFL,N6,1070.0,1071.0,1070.0,1070.0,1080.0,50,0.54,3,50,100.00,05-Jun-2023
IIHFL,N7,1004.8,1004.8,1004.8,1004.8,1005.0,200,2.01,1,200,100.00,05-Jun-2023
IIHFL,N8,1055.0,1056.0,1055.0,1055.01,1031.0,300,3.17,38,225,75.00,05-Jun-2023
IIHFL,N9,950.03,950.03,950.0,950.0,950.0,377,3.58,4,377,100.00,05-Jun-2023
IIHFL,NC,950.0,959.9,949.99,959.9,950.0,897,8.53,15,872,97.21,05-Jun-2023
IIHFL,ND,980.0,980.0,980.0,980.0,960.0,1,0.01,1,1,100.00,05-Jun-2023
IITL,EQ,98.5,104.9,97.2,103.75,96.65,418622,431.06,1227,388391,92.78,05-Jun-2023
IL&FSENGG,BZ,11.95,11.95,11.5,11.65,11.95,7814,0.91,60,-,-,05-Jun-2023
IL&FSTRANS,BZ,3.45,3.45,3.2,3.35,3.35,36167,1.18,117,-,-,05-Jun-2023
IMAGICAA,EQ,41.6,42.6,39.55,40.75,41.4,603177,247.95,3646,386029,64.00,05-Jun-2023
IMFA,EQ,283.55,287.1,279.0,280.45,283.55,134270,379.95,2796,101745,75.78,05-Jun-2023
IMPAL,EQ,756.95,770.0,748.0,751.5,750.65,2053,15.44,219,1684,82.03,05-Jun-2023
IMPEXFERRO,EQ,3.15,3.2,3.15,3.2,3.05,44190,1.41,83,43652,98.78,05-Jun-2023
INCREDIBLE,EQ,23.5,23.5,22.55,23.5,22.4,31146,7.3,142,24898,79.94,05-Jun-2023
INDBANK,EQ,26.2,26.2,24.95,25.4,25.75,98261,25.12,527,74628,75.95,05-Jun-2023
INDHOTEL,EQ,396.0,399.25,388.25,389.8,395.65,4593591,18058.15,57067,3164428,68.89,05-Jun-2023
INDIACEM,EQ,214.2,223.25,214.2,217.9,212.95,9139156,20091.43,55830,1430489,15.65,05-Jun-2023
INDIAGLYCO,EQ,618.0,639.7,613.9,615.3,616.35,109815,683.74,6111,37477,34.13,05-Jun-2023
INDIAMART,EQ,5749.95,5749.95,5581.0,5618.95,5700.8,100102,5642.87,12566,46043,46.00,05-Jun-2023
INDIANB,EQ,285.0,285.4,278.1,278.9,282.25,1327979,3732.7,23175,806407,60.72,05-Jun-2023
INDIANCARD,EQ,232.6,232.6,228.25,228.45,229.8,889,2.04,84,654,73.57,05-Jun-2023
INDIANHUME,EQ,160.9,167.8,156.2,166.2,158.0,744435,1207.9,10940,297863,40.01,05-Jun-2023
INDIGO,EQ,2393.0,2418.5,2376.0,2402.75,2385.75,880388,21147.42,43937,593762,67.44,05-Jun-2023
INDIGOPNTS,EQ,1474.0,1494.0,1467.0,1472.8,1460.45,78894,1167.55,8419,33886,42.95,05-Jun-2023
INDIGRID,IV,137.0,137.29,136.0,136.64,136.35,96411,131.61,631,91840,95.26,05-Jun-2023
INDIGRID,NJ,1011.0,1011.0,1008.0,1010.0,1010.0,1459,14.73,18,1400,95.96,05-Jun-2023
INDLMETER,BZ,3.35,3.35,3.05,3.35,3.2,2999,0.1,20,-,-,05-Jun-2023
INDNIPPON,EQ,378.65,398.0,378.65,393.4,378.65,34470,134.07,1888,19353,56.14,05-Jun-2023
INDOAMIN,EQ,124.0,125.0,118.3,119.35,122.5,218776,265.45,3346,116075,53.06,05-Jun-2023
INDOBORAX,EQ,127.9,128.2,123.55,124.1,127.3,184657,230.94,2439,130162,70.49,05-Jun-2023
INDOCO,EQ,351.05,351.05,331.3,333.35,352.15,426432,1437.26,13714,162340,38.07,05-Jun-2023
INDORAMA,EQ,44.0,50.85,43.55,49.7,42.85,1806627,886.94,12180,534113,29.56,05-Jun-2023
INDOSTAR,BE,152.5,158.0,152.45,153.15,152.05,401166,625.58,1214,-,-,05-Jun-2023
INDOTECH,EQ,378.05,392.1,360.1,368.65,373.45,125207,470.37,3440,77104,61.58,05-Jun-2023
INDOTHAI,EQ,267.95,269.4,252.05,256.3,262.7,4862,12.45,304,3151,64.81,05-Jun-2023
INDOWIND,EQ,11.0,11.45,10.85,10.85,10.85,178699,19.63,493,124411,69.62,05-Jun-2023
INDRAMEDCO,BE,91.25,93.75,89.15,90.25,91.75,115953,105.18,808,-,-,05-Jun-2023
INDSWFTLAB,EQ,71.5,74.4,71.1,72.75,70.6,149737,108.76,1312,90370,60.35,05-Jun-2023
INDSWFTLTD,EQ,9.8,9.8,9.0,9.05,9.45,118094,10.95,251,89620,75.89,05-Jun-2023
INDTERRAIN,EQ,54.85,56.8,54.35,54.6,54.65,126256,69.84,1054,79501,62.97,05-Jun-2023
INDUSINDBK,EQ,1295.0,1306.45,1282.65,1301.8,1288.2,3040374,39449.72,99734,1827664,60.11,05-Jun-2023
INDUSTOWER,EQ,160.05,162.2,157.1,157.65,160.05,9485886,15078.65,41656,4042419,42.62,05-Jun-2023
INFIBEAM,EQ,15.45,15.6,15.05,15.1,15.3,7185797,1097.58,5319,3327496,46.31,05-Jun-2023
INFINIUM,SM,280.0,294.75,280.0,293.25,280.75,26000,75.57,24,22000,84.62,05-Jun-2023
INFOBEAN,EQ,467.95,471.7,455.85,460.25,453.85,32189,148.83,2385,16751,52.04,05-Jun-2023
INFOMEDIA,BE,4.5,4.6,4.3,4.6,4.5,41124,1.77,13,-,-,05-Jun-2023
INFRABEES,EQ,567.51,569.99,566.82,568.5,566.82,4195,23.86,253,3527,84.08,05-Jun-2023
INFY,EQ,1304.0,1309.45,1297.3,1304.5,1299.0,5002553,65309.4,146088,3558662,71.14,05-Jun-2023
INGERRAND,EQ,2736.3,2741.2,2690.15,2715.35,2709.3,17878,485.28,4318,7205,40.30,05-Jun-2023
INNOVANA,SM,342.0,349.0,340.0,343.5,357.9,14400,49.14,22,10800,75.00,05-Jun-2023
INNOVATIVE,ST,2.4,2.4,2.4,2.4,2.4,3000,0.07,1,3000,100.00,05-Jun-2023
INOXGREEN,EQ,53.0,53.5,48.05,49.85,52.5,4414612,2303.25,12021,3099343,70.21,05-Jun-2023
INOXWIND,EQ,147.7,151.25,135.0,138.1,146.7,5137615,7311.44,30650,1919423,37.36,05-Jun-2023
INSECTICID,EQ,445.9,448.0,442.3,444.0,442.1,30079,133.93,2171,20436,67.94,05-Jun-2023
INSPIRISYS,EQ,76.0,77.2,75.95,77.2,73.55,26809,20.62,152,22479,83.85,05-Jun-2023
INTELLECT,EQ,597.95,602.95,592.6,597.35,595.7,403636,2414.85,13895,116444,28.85,05-Jun-2023
INTENTECH,EQ,65.25,65.8,64.0,64.25,63.4,67930,44.02,837,44756,65.89,05-Jun-2023
INTLCONV,EQ,54.9,58.45,54.3,58.0,54.0,345016,196.33,3129,188234,54.56,05-Jun-2023
INVENTURE,EQ,1.95,1.95,1.85,1.9,1.9,2541843,48.35,11013,1570499,61.79,05-Jun-2023
IOB,EQ,25.1,25.4,25.0,25.05,25.35,6319120,1590.07,8241,2104031,33.30,05-Jun-2023
IOC,EQ,89.9,90.0,88.65,89.25,89.8,9227005,8219.81,38413,4985692,54.03,05-Jun-2023
IOLCP,EQ,448.1,463.45,446.6,451.2,446.45,344126,1558.44,13326,125010,36.33,05-Jun-2023
IONEXCHANG,EQ,3858.35,3990.4,3850.15,3943.05,3835.3,34104,1342.24,7539,16611,48.71,05-Jun-2023
IPCALAB,EQ,704.65,726.6,700.15,725.3,714.2,741353,5334.94,19124,363237,49.00,05-Jun-2023
IPL,EQ,219.4,224.0,219.4,222.7,221.55,92225,205.17,3188,56772,61.56,05-Jun-2023
IPSL,SM,77.0,77.0,77.0,77.0,77.0,2000,1.54,1,2000,100.00,05-Jun-2023
IRB,EQ,29.0,29.3,28.5,28.65,28.75,6351749,1830.23,8619,3144653,49.51,05-Jun-2023
IRBINVIT,IV,72.24,72.24,69.6,71.87,71.73,666581,476.4,1871,555496,83.34,05-Jun-2023
IRCON,EQ,80.8,81.4,79.75,80.05,80.85,10446151,8398.77,25235,2750345,26.33,05-Jun-2023
IRCTC,EQ,636.0,647.35,636.0,643.65,645.45,1619948,10414.66,35322,481884,29.75,05-Jun-2023
IREDA,N6,1295.0,1295.0,1295.0,1295.0,1310.0,1,0.01,1,1,100.00,05-Jun-2023
IRFC,EQ,32.05,32.15,31.75,31.8,32.0,23679377,7553.8,43497,7740238,32.69,05-Jun-2023
IRFC,N2,1144.99,1144.99,1144.99,1144.99,1139.0,50,0.57,1,50,100.00,05-Jun-2023
IRFC,N9,1030.0,1040.0,1030.0,1040.0,1030.0,309,3.18,2,309,100.00,05-Jun-2023
IRFC,,1163.0,1171.0,1162.6,1171.0,1167.0,622,7.26,11,562,90.35,05-Jun-2023
IRFC,NC,1167.0,1167.0,1167.0,1167.0,1159.6,27,0.32,2,27,100.00,05-Jun-2023
IRFC,NE,1200.0,1200.0,1199.7,1199.9,1200.0,187,2.24,5,187,100.00,05-Jun-2023
IRFC,NJ,1169.7,1170.0,1169.7,1170.0,1165.23,551,6.45,9,551,100.00,05-Jun-2023
IRFC,NN,1079.11,1080.01,1078.61,1080.01,1087.79,950,10.25,5,750,78.95,05-Jun-2023
IRFC,NO,1185.0,1188.31,1180.5,1188.31,1184.1,550,6.5,5,550,100.00,05-Jun-2023
IRIS,EQ,79.35,81.0,79.1,80.55,78.2,10152,8.12,236,6102,60.11,05-Jun-2023
IRISDOREME,EQ,365.75,397.9,365.0,391.65,360.25,20857,78.71,782,3946,18.92,05-Jun-2023
ISEC,EQ,506.0,519.7,501.6,516.3,500.35,585565,3017.92,19490,290494,49.61,05-Jun-2023
ISFT,EQ,140.4,140.4,137.0,138.0,138.7,4361,6.03,189,3289,75.42,05-Jun-2023
ISGEC,EQ,612.6,622.5,606.0,610.05,612.6,172067,1055.91,7218,81145,47.16,05-Jun-2023
ISHAN,SM,24.5,24.75,23.3,24.3,24.5,17600,4.18,11,12800,72.73,05-Jun-2023
ISMTLTD,EQ,72.6,76.75,72.4,76.2,72.6,790817,597.01,5423,387425,48.99,05-Jun-2023
ITBEES,EQ,30.78,30.99,30.6,30.63,30.74,3617842,1111.98,11495,2870866,79.35,05-Jun-2023
ITC,EQ,445.0,446.85,440.1,440.65,443.4,7152179,31655.35,114066,3933997,55.00,05-Jun-2023
ITDC,EQ,328.35,330.95,325.8,328.4,325.2,20980,68.78,936,12208,58.19,05-Jun-2023
ITDCEM,EQ,169.8,169.95,163.4,164.65,169.0,957916,1593.17,12519,456268,47.63,05-Jun-2023
ITI,EQ,105.6,109.5,105.5,108.7,105.5,985922,1069.23,8785,362287,36.75,05-Jun-2023
IVC,EQ,7.5,7.65,7.35,7.4,7.35,669077,50.05,1109,503599,75.27,05-Jun-2023
IVP,BE,171.5,174.0,168.5,173.2,170.2,4915,8.45,102,-,-,05-Jun-2023
IVZINGOLD,EQ,5330.1,5330.1,5288.45,5293.85,5375.0,183,9.69,40,150,81.97,05-Jun-2023
IWEL,EQ,1699.0,1730.0,1550.1,1589.8,1679.4,18260,299.88,1493,12584,68.92,05-Jun-2023
IZMO,EQ,211.0,212.6,209.0,212.6,202.5,219124,463.39,902,150422,68.65,05-Jun-2023
J&KBANK,EQ,59.2,59.3,57.8,58.05,58.8,2733778,1603.07,6455,1342198,49.10,05-Jun-2023
JAGRAN,EQ,74.5,75.15,72.6,73.4,73.55,484498,358.49,3116,316635,65.35,05-Jun-2023
JAGSNPHARM,EQ,370.0,382.75,369.2,372.3,365.1,45822,172.85,1978,23398,51.06,05-Jun-2023
JAIBALAJI,BE,80.5,82.0,78.1,81.2,80.8,58050,46.64,358,-,-,05-Jun-2023
JAICORPLTD,EQ,169.95,170.7,166.15,167.3,169.2,1503964,2530.73,12269,377777,25.12,05-Jun-2023
JAINAM,SM,122.0,124.0,121.85,124.0,128.0,7000,8.56,7,7000,100.00,05-Jun-2023
JAIPURKURT,EQ,91.05,91.05,85.3,86.1,86.75,11449,9.96,325,8884,77.60,05-Jun-2023
JALAN,SM,8.55,9.1,8.55,9.1,9.0,9000,0.8,2,9000,100.00,05-Jun-2023
JAMNAAUTO,EQ,100.5,102.45,100.5,100.75,100.35,666884,673.86,7531,325883,48.87,05-Jun-2023
JASH,EQ,1086.8,1146.95,1086.15,1115.15,1086.85,14484,163.05,1089,9528,65.78,05-Jun-2023
JAYAGROGN,EQ,201.5,204.3,197.35,200.95,199.9,41937,84.45,3099,24930,59.45,05-Jun-2023
JAYBARMARU,EQ,176.25,194.3,175.1,187.75,173.7,314754,588.56,6988,128044,40.68,05-Jun-2023
JAYNECOIND,EQ,22.0,22.1,21.8,21.9,21.75,169097,37.1,363,158949,94.00,05-Jun-2023
JAYSREETEA,EQ,88.55,89.2,88.15,88.5,88.25,9280,8.22,259,6026,64.94,05-Jun-2023
JBCHEPHARM,EQ,2129.85,2136.9,2100.95,2119.05,2119.25,34845,737.97,9388,17495,50.21,05-Jun-2023
JBFIND,BZ,4.6,4.6,4.6,4.6,4.8,42156,1.94,129,-,-,05-Jun-2023
JBMA,EQ,805.9,818.1,801.0,804.25,802.25,231688,1874.87,9636,98207,42.39,05-Jun-2023
JCHAC,EQ,1033.5,1038.05,1020.0,1023.55,1028.35,41019,421.46,3890,33676,82.10,05-Jun-2023
JETAIRWAYS,BZ,51.65,51.95,51.0,51.15,51.6,32903,16.87,533,-,-,05-Jun-2023
JETFREIGHT,EQ,11.25,11.3,11.15,11.25,11.1,57765,6.5,344,42033,72.77,05-Jun-2023
JFLLIFE,SM,39.35,39.35,39.35,39.35,40.9,2000,0.79,1,2000,100.00,05-Jun-2023
JHS,EQ,17.25,17.35,16.9,17.0,17.2,260478,44.51,644,239991,92.13,05-Jun-2023
JINDALPHOT,EQ,373.95,379.35,365.15,374.5,369.15,28620,106.6,1591,16776,58.62,05-Jun-2023
JINDALPOLY,EQ,671.0,681.0,666.0,669.95,670.3,45659,306.22,4576,20130,44.09,05-Jun-2023
JINDALSAW,EQ,248.3,253.0,235.0,236.95,247.05,1850723,4500.01,29543,821580,44.39,05-Jun-2023
JINDALSTEL,EQ,529.9,530.0,518.05,525.95,525.35,3161259,16548.2,41874,1322342,41.83,05-Jun-2023
JINDRILL,EQ,305.9,311.0,303.1,304.8,304.75,109720,334.53,3850,54163,49.36,05-Jun-2023
JINDWORLD,EQ,339.25,343.0,333.05,335.4,339.25,17293,58.42,1559,8458,48.91,05-Jun-2023
JISLDVREQS,EQ,21.7,22.05,20.6,20.85,21.65,75380,15.81,535,46483,61.66,05-Jun-2023
JISLJALEQS,EQ,41.8,42.2,39.85,40.1,41.55,6416510,2613.87,8749,3547398,55.29,05-Jun-2023
JITFINFRA,BE,248.25,248.25,226.0,246.45,236.45,416755,1007.84,2305,-,-,05-Jun-2023
JKCEMENT,EQ,3182.05,3220.0,3173.75,3208.4,3180.6,190409,6092.69,6121,146697,77.04,05-Jun-2023
JKIL,EQ,262.65,281.0,262.65,277.2,262.65,423013,1156.99,11241,237773,56.21,05-Jun-2023
JKLAKSHMI,EQ,722.85,725.6,709.0,722.15,722.15,273770,1964.5,13453,88030,32.15,05-Jun-2023
JKPAPER,EQ,334.75,334.75,330.5,331.45,330.1,390554,1296.5,9480,178765,45.77,05-Jun-2023
JKTYRE,EQ,187.6,187.7,184.15,184.7,186.55,655615,1218.31,8272,275349,42.00,05-Jun-2023
JMA,EQ,70.0,72.1,69.25,71.7,69.8,33230,23.66,286,24752,74.49,05-Jun-2023
JMFINANCIL,EQ,72.25,73.0,71.6,72.15,71.85,2267175,1642.83,12210,1117396,49.29,05-Jun-2023
JOCIL,EQ,190.0,191.9,187.25,189.85,188.55,16272,30.91,251,14335,88.10,05-Jun-2023
JPASSOCIAT,EQ,7.2,7.3,7.2,7.25,7.2,4185257,303.7,1875,2295795,54.85,05-Jun-2023
JPOLYINVST,EQ,589.9,641.95,576.25,625.25,581.25,82993,505.14,4893,42666,51.41,05-Jun-2023
JPPOWER,EQ,6.05,6.1,5.95,5.95,6.0,18244806,1096.36,9530,10202765,55.92,05-Jun-2023
JSL,EQ,291.0,295.55,283.6,284.25,290.6,429328,1233.83,14450,269896,62.86,05-Jun-2023
JSLL,SM,440.0,442.0,430.0,439.35,426.1,22500,97.89,37,19000,84.44,05-Jun-2023
JSWENERGY,EQ,252.1,254.65,249.0,249.6,250.9,939922,2361.72,12490,486347,51.74,05-Jun-2023
JSWHL,EQ,4180.0,4245.1,4180.0,4186.85,4189.85,332,13.94,118,212,63.86,05-Jun-2023
JSWISPL,EQ,31.75,32.3,31.65,32.1,31.75,1149850,366.83,2015,578833,50.34,05-Jun-2023
JSWSTEEL,EQ,708.95,714.0,703.0,712.15,706.6,2454283,17359.29,31180,1399051,57.00,05-Jun-2023
JTEKTINDIA,EQ,132.9,137.25,131.55,136.1,131.5,1860334,2497.1,13980,824413,44.32,05-Jun-2023
JTLIND,EQ,331.0,334.7,328.1,332.0,326.15,190706,633.66,3313,129557,67.94,05-Jun-2023
JUBLFOOD,EQ,493.9,496.5,492.8,494.0,492.05,779958,3858.91,17980,332063,42.57,05-Jun-2023
JUBLINDS,EQ,463.1,472.0,463.0,464.25,463.8,12660,58.99,1138,6083,48.05,05-Jun-2023
JUBLINGREA,EQ,404.0,409.4,402.6,405.2,402.6,340028,1379.3,9042,212811,62.59,05-Jun-2023
JUBLPHARMA,EQ,335.05,339.5,334.45,337.95,335.05,127798,431.25,2610,85671,67.04,05-Jun-2023
JUNIORBEES,EQ,453.13,453.13,448.11,449.08,447.99,106129,476.92,11644,74088,69.81,05-Jun-2023
JUSTDIAL,EQ,721.0,746.0,709.0,716.35,720.6,574088,4198.18,18598,138201,24.07,05-Jun-2023
JWL,EQ,131.15,131.25,126.8,127.35,129.6,708898,917.83,4657,487296,68.74,05-Jun-2023
JYOTHYLAB,EQ,209.9,210.1,204.65,208.1,208.95,492192,1019.28,8843,286835,58.28,05-Jun-2023
JYOTISTRUC,BE,9.1,9.5,8.7,8.7,9.15,2519485,223.25,1067,-,-,05-Jun-2023
KABRAEXTRU,EQ,466.25,473.2,461.0,465.75,462.4,115343,537.95,5531,55404,48.03,05-Jun-2023
KAJARIACER,EQ,1271.1,1284.8,1255.0,1259.45,1264.45,133709,1698.1,10388,96699,72.32,05-Jun-2023
KAKATCEM,EQ,198.95,203.4,198.95,201.3,198.3,7165,14.38,260,4431,61.84,05-Jun-2023
KALPATPOWR,EQ,537.0,538.95,510.0,522.85,535.9,1339701,6939.83,56003,494765,36.93,05-Jun-2023
KALYANIFRG,BE,241.2,246.9,234.6,239.15,246.95,4995,11.91,79,-,-,05-Jun-2023
KALYANKJIL,EQ,112.5,113.35,110.35,111.2,112.65,3226338,3598.84,15689,1370411,42.48,05-Jun-2023
KAMATHOTEL,BE,215.0,216.95,207.15,209.7,213.65,31510,66.21,429,-,-,05-Jun-2023
KAMDHENU,EQ,314.95,327.45,312.75,319.4,311.9,544347,1741.32,9111,195375,35.89,05-Jun-2023
KAMOPAINTS,EQ,215.0,224.95,215.0,222.3,214.05,247825,549.09,8644,84345,34.03,05-Jun-2023
KANANIIND,EQ,8.35,8.55,8.2,8.25,8.2,107796,8.99,545,81638,75.73,05-Jun-2023
KANDARP,SM,20.0,20.0,20.0,20.0,18.8,4000,0.8,1,4000,100.00,05-Jun-2023
KANORICHEM,EQ,113.2,118.15,113.2,116.45,113.75,32482,37.95,407,27114,83.47,05-Jun-2023
KANPRPLA,EQ,104.65,105.25,99.1,100.15,103.2,14712,14.95,374,10923,74.25,05-Jun-2023
KANSAINER,EQ,430.1,431.95,425.1,427.85,426.1,108736,465.75,8368,59404,54.63,05-Jun-2023
KAPSTON,EQ,153.0,155.5,150.25,151.05,152.65,6597,10.07,309,4503,68.26,05-Jun-2023
KARMAENG,EQ,34.6,34.6,33.0,33.5,33.7,3987,1.33,62,1755,44.02,05-Jun-2023
KARURVYSYA,EQ,107.75,108.7,107.3,108.3,107.15,1414893,1531.4,9505,845525,59.76,05-Jun-2023
KAUSHALYA,EQ,6.75,6.9,5.7,5.75,6.3,2762072,174.94,2775,1055230,38.20,05-Jun-2023
KAVVERITEL,EQ,5.3,5.3,5.3,5.3,5.05,13844,0.73,12,13844,100.00,05-Jun-2023
KAYA,EQ,322.0,334.7,322.0,325.0,326.55,9055,29.79,767,5126,56.61,05-Jun-2023
KAYNES,EQ,1404.6,1428.0,1330.0,1339.7,1401.15,173125,2370.66,20029,83752,48.38,05-Jun-2023
KBCGLOBAL,EQ,3.35,3.5,3.25,3.45,3.35,12054044,408.15,1379,5326197,44.19,05-Jun-2023
KCK,SM,22.0,22.0,22.0,22.0,24.0,4000,0.88,1,4000,100.00,05-Jun-2023
KCP,EQ,103.0,106.8,103.0,105.25,103.55,188373,198.73,2365,115879,61.52,05-Jun-2023
KCPSUGIND,EQ,24.1,24.45,23.9,23.95,24.0,195675,47.32,856,104890,53.60,05-Jun-2023
KDDL,EQ,1351.0,1351.0,1285.5,1315.35,1302.8,190754,2520.48,15413,40935,21.46,05-Jun-2023
KEC,EQ,530.0,537.95,527.15,530.35,526.7,174278,928.44,9221,49481,28.39,05-Jun-2023
KECL,BE,119.0,119.0,112.5,116.45,116.15,192945,222.34,1403,-,-,05-Jun-2023
KEEPLEARN,BE,3.5,3.55,3.4,3.55,3.4,28049,0.99,43,-,-,05-Jun-2023
KEERTI,BE,41.75,41.75,41.75,41.75,41.75,153,0.06,6,-,-,05-Jun-2023
KEI,EQ,2114.0,2144.7,2095.25,2115.05,2094.3,153265,3248.69,13636,58514,38.18,05-Jun-2023
KELLTONTEC,EQ,63.0,66.0,63.0,65.2,62.7,779328,507.32,5622,438843,56.31,05-Jun-2023
KENNAMET,EQ,2412.0,2473.7,2398.0,2426.7,2405.55,5909,143.6,3298,3433,58.10,05-Jun-2023
KERNEX,BE,297.15,297.15,297.15,297.15,283.0,13345,39.65,39,-,-,05-Jun-2023
KESORAMIND,EQ,61.9,62.4,60.4,60.7,61.5,657465,403.68,3951,349031,53.09,05-Jun-2023
KEYFINSERV,EQ,98.95,98.95,95.0,96.7,94.8,7763,7.48,134,5490,70.72,05-Jun-2023
KFINTECH,EQ,328.4,334.7,327.25,331.45,328.35,142217,469.51,5448,96133,67.60,05-Jun-2023
KHADIM,EQ,227.0,227.0,221.0,223.15,225.5,33323,74.78,1294,20973,62.94,05-Jun-2023
KHAICHEM,EQ,70.65,71.75,70.25,70.65,70.65,102142,72.69,1159,73109,71.58,05-Jun-2023
KHAITANLTD,EQ,54.2,54.6,51.85,52.05,53.15,5344,2.82,126,4114,76.98,05-Jun-2023
KHANDSE,BE,37.5,38.85,37.0,37.5,38.4,5037,1.91,28,-,-,05-Jun-2023
KHFM,SM,47.55,48.95,47.5,48.2,49.95,9300,4.46,3,6200,66.67,05-Jun-2023
KICL,EQ,1897.95,1900.45,1870.0,1874.3,1878.9,1638,30.92,321,1281,78.21,05-Jun-2023
KILITCH,BE,218.0,218.0,206.65,207.55,215.7,13038,27.84,249,-,-,05-Jun-2023
KIMS,EQ,1561.0,1583.7,1518.95,1541.65,1560.5,61216,948.87,9413,36950,60.36,05-Jun-2023
KINGFA,EQ,2076.9,2110.0,2000.0,2009.05,2046.45,15530,319.4,3704,5893,37.95,05-Jun-2023
KIOCL,EQ,197.0,197.0,192.95,193.35,194.2,17864,34.65,481,11922,66.74,05-Jun-2023
KIRIINDUS,EQ,291.1,292.4,290.0,290.15,290.05,89679,260.41,1427,45245,50.45,05-Jun-2023
KIRLFER,EQ,442.0,451.9,440.05,442.9,442.5,116101,518.45,6708,43770,37.70,05-Jun-2023
KIRLOSBROS,EQ,590.2,596.65,574.35,579.25,584.55,161912,948.59,6672,57938,35.78,05-Jun-2023
KIRLOSENG,EQ,412.3,431.4,409.15,420.85,409.15,337094,1423.74,14672,233775,69.35,05-Jun-2023
KIRLOSIND,EQ,2640.0,2722.9,2640.0,2679.0,2649.1,7841,210.18,809,6155,78.50,05-Jun-2023
KIRLPNU,EQ,603.0,624.4,595.2,614.95,590.05,173247,1069.32,9147,112648,65.02,05-Jun-2023
KITEX,EQ,166.0,173.5,166.0,170.75,165.9,387623,661.76,6611,205028,52.89,05-Jun-2023
KKCL,EQ,485.8,493.55,484.05,489.8,485.85,69198,339.18,3546,47468,68.60,05-Jun-2023
KMSUGAR,EQ,26.15,26.6,26.1,26.15,26.1,173919,45.78,719,114291,65.72,05-Jun-2023
KNAGRI,SM,112.65,113.6,112.0,113.6,112.65,14400,16.23,8,8000,55.56,05-Jun-2023
KNRCON,EQ,253.6,256.9,244.25,245.75,251.3,468408,1168.59,20404,286738,61.22,05-Jun-2023
KOHINOOR,BE,39.4,39.45,38.15,38.7,38.9,76717,29.7,529,-,-,05-Jun-2023
KOKUYOCMLN,EQ,113.5,121.0,113.5,119.95,112.65,925805,1092.02,9714,429430,46.38,05-Jun-2023
KOLTEPATIL,EQ,330.2,347.3,326.1,344.05,328.4,1022353,3491.34,17166,525233,51.37,05-Jun-2023
KOPRAN,EQ,180.2,185.0,174.25,180.3,179.3,1411654,2538.1,22702,400930,28.40,05-Jun-2023
KOTAKALPHA,EQ,28.74,29.05,28.59,28.73,28.59,218600,63.03,714,143450,65.62,05-Jun-2023
KOTAKBANK,EQ,1945.0,1951.5,1922.25,1924.9,1938.75,2405909,46632.38,93567,1252106,52.04,05-Jun-2023
KOTAKBKETF,EQ,453.54,453.54,448.91,450.23,448.03,6434,29.0,416,4531,70.42,05-Jun-2023
KOTAKCONS,EQ,80.8,80.8,80.8,80.8,80.8,2,0.0,2,2,100.00,05-Jun-2023
KOTAKGOLD,EQ,51.09,51.24,50.03,51.01,51.63,195848,99.95,2524,157055,80.19,05-Jun-2023
KOTAKIT,EQ,30.69,30.69,30.4,30.43,30.45,105980,32.34,315,77940,73.54,05-Jun-2023
KOTAKLIQ,EQ,1000.01,1000.01,999.99,999.99,1000.01,202,2.02,22,201,99.50,05-Jun-2023
KOTAKLOVOL,EQ,14.24,15.04,14.0,14.25,14.24,1808,0.26,83,904,50.00,05-Jun-2023
KOTAKMID50,EQ,94.56,97.85,94.56,97.75,96.98,6376,6.21,70,4788,75.09,05-Jun-2023
KOTAKMNC,EQ,21.04,21.19,20.91,21.18,21.04,5731,1.2,54,5112,89.20,05-Jun-2023
KOTAKNIFTY,EQ,199.14,199.4,198.51,198.71,197.98,26864,53.46,528,17494,65.12,05-Jun-2023
KOTAKNV20,EQ,107.88,108.31,107.51,108.04,107.87,11092,11.97,331,6367,57.40,05-Jun-2023
KOTAKPSUBK,EQ,406.75,412.37,405.34,406.66,406.2,139358,567.4,339,129026,92.59,05-Jun-2023
KOTAKSILVE,EQ,72.19,72.36,70.86,71.1,72.34,211940,150.39,119,210194,99.18,05-Jun-2023
KOTARISUG,EQ,39.75,40.2,39.25,39.4,39.7,121740,48.33,1016,79138,65.01,05-Jun-2023
KOTHARIPET,EQ,67.8,69.5,67.0,67.4,66.05,105555,72.17,1295,65324,61.89,05-Jun-2023
KOTHARIPRO,EQ,112.0,113.25,108.4,108.95,109.45,17094,18.77,235,12236,71.58,05-Jun-2023
KOTYARK,SM,475.1,482.95,460.0,463.55,480.5,13600,63.82,61,10800,79.41,05-Jun-2023
KOVAI,EQ,2180.5,2225.0,2172.8,2223.6,2180.55,13515,299.14,691,11907,88.10,05-Jun-2023
KPIGREEN,EQ,504.0,518.4,500.75,514.0,503.75,137085,700.03,5339,81708,59.60,05-Jun-2023
KPITTECH,EQ,1129.95,1144.3,1112.0,1115.6,1114.85,1246760,14026.9,47352,371821,29.82,05-Jun-2023
KPRMILL,EQ,584.0,614.9,582.3,611.25,580.1,841864,5081.45,22603,381854,45.36,05-Jun-2023
KRBL,EQ,372.0,374.45,362.45,363.6,370.9,424191,1558.17,9225,223743,52.75,05-Jun-2023
KREBSBIO,EQ,63.45,66.0,63.45,65.3,63.85,5833,3.8,127,4350,74.58,05-Jun-2023
KRIDHANINF,EQ,2.5,2.5,2.4,2.5,2.4,77459,1.92,113,63726,82.27,05-Jun-2023
KRISHANA,EQ,452.15,459.5,452.15,455.75,456.4,67558,308.58,780,63092,93.39,05-Jun-2023
KRISHCA,ST,102.0,110.4,100.15,110.4,105.15,214000,229.08,100,188000,87.85,05-Jun-2023
KRISHNADEF,SM,195.0,195.0,185.4,193.2,198.75,52000,98.59,47,39000,75.00,05-Jun-2023
KRITI,EQ,104.25,106.65,100.3,102.05,104.25,53645,55.55,1183,40963,76.36,05-Jun-2023
KRITIKA,EQ,20.75,20.75,18.85,20.35,19.8,5739382,1116.17,3775,1981955,34.53,05-Jun-2023
KRITINUT,EQ,46.75,46.9,44.6,45.9,45.5,51103,23.24,577,28434,55.64,05-Jun-2023
KRSNAA,EQ,574.1,575.45,551.95,560.3,565.7,64327,359.78,4542,33213,51.63,05-Jun-2023
KSB,EQ,2094.0,2133.65,2080.0,2112.65,2093.75,14827,311.42,3987,8687,58.59,05-Jun-2023
KSCL,EQ,513.5,518.5,508.0,514.65,511.8,53258,272.74,3722,32656,61.32,05-Jun-2023
KSHITIJPOL,EQ,11.0,11.35,10.35,10.35,10.9,1195678,126.48,2005,919454,76.90,05-Jun-2023
KSL,EQ,343.95,346.55,340.65,343.0,339.05,47689,163.83,1636,31974,67.05,05-Jun-2023
KSOLVES,EQ,927.2,932.0,891.0,916.25,907.4,58984,539.71,5825,30274,51.33,05-Jun-2023
KTKBANK,EQ,154.35,154.8,151.5,152.0,153.1,1438642,2201.09,11393,842245,58.54,05-Jun-2023
KUANTUM,EQ,153.55,154.45,150.0,150.45,152.6,24828,37.76,706,15578,62.74,05-Jun-2023
L&TFH,EQ,106.0,107.0,103.9,105.05,105.55,24492750,25726.16,47730,15525119,63.39,05-Jun-2023
L&TFINANCE,NC,1033.75,1033.75,1033.75,1033.75,1036.0,10,0.1,1,10,100.00,05-Jun-2023
L&TFINANCE,NE,1026.0,1026.0,1026.0,1026.0,1023.0,10,0.1,1,10,100.00,05-Jun-2023
L&TFINANCE,NG,1119.99,1119.99,1119.99,1119.99,1120.0,40,0.45,1,40,100.00,05-Jun-2023
L&TFINANCE,NI,1087.0,1090.0,1087.0,1090.0,1087.0,52,0.57,6,52,100.00,05-Jun-2023
L&TFINANCE,NQ,1001.1,1001.1,1000.6,1000.6,1010.0,27,0.27,2,27,100.00,05-Jun-2023
L&TFINANCE,NW,1044.0,1044.0,1040.0,1040.0,1010.0,214,2.23,10,212,99.07,05-Jun-2023
L&TFINANCE,Y5,1041.01,1041.01,1040.5,1040.5,1041.06,110,1.15,4,100,90.91,05-Jun-2023
L&TFINANCE,Y7,1005.5,1005.5,1005.5,1005.5,1005.5,7,0.07,1,7,100.00,05-Jun-2023
LAGNAM,EQ,42.7,43.45,41.6,42.4,41.55,36332,15.42,392,12912,35.54,05-Jun-2023
LAKPRE,BZ,4.75,4.75,4.75,4.75,4.65,7233,0.34,12,-,-,05-Jun-2023
LAL,BE,188.0,196.0,186.05,191.95,191.05,3702,7.07,53,-,-,05-Jun-2023
LALPATHLAB,EQ,2020.0,2039.45,2001.65,2018.55,2015.2,124072,2511.37,9942,37172,29.96,05-Jun-2023
LAMBODHARA,EQ,184.0,192.45,183.15,185.3,182.95,343945,641.36,8464,56700,16.49,05-Jun-2023
LANDMARK,EQ,690.0,691.65,665.2,679.55,687.35,57910,391.58,5008,23412,40.43,05-Jun-2023
LAOPALA,EQ,389.45,406.45,388.45,403.3,387.55,684236,2743.2,27013,361427,52.82,05-Jun-2023
LASA,EQ,24.65,24.75,23.55,23.9,24.05,48718,11.76,281,28536,58.57,05-Jun-2023
LATENTVIEW,EQ,338.0,341.7,333.0,339.1,335.8,411515,1386.39,10428,232926,56.60,05-Jun-2023
LATTEYS,EQ,47.8,47.8,43.9,43.9,46.2,44276,19.86,272,34097,77.01,05-Jun-2023
LAURUSLABS,EQ,348.0,349.35,340.5,341.65,346.05,1621295,5599.8,23933,590388,36.41,05-Jun-2023
LAXMICOT,EQ,20.75,20.8,20.05,20.5,20.35,77308,15.93,106,74062,95.80,05-Jun-2023
LAXMIMACH,EQ,11590.0,11590.0,11455.0,11483.55,11486.25,2618,301.52,1087,1263,48.24,05-Jun-2023
LCCINFOTEC,EQ,1.7,1.75,1.7,1.7,1.7,96761,1.67,146,72826,75.26,05-Jun-2023
LEMERITE,SM,46.1,47.0,44.0,45.8,46.7,35200,16.06,20,32000,90.91,05-Jun-2023
LEMONTREE,EQ,93.95,94.7,93.35,93.85,92.7,6060234,5701.18,25774,2708894,44.70,05-Jun-2023
LEXUS,EQ,61.05,63.65,59.9,60.45,61.85,11282,6.98,271,10046,89.04,05-Jun-2023
LFIC,EQ,131.9,134.7,129.3,130.65,131.9,6117,8.03,184,3660,59.83,05-Jun-2023
LGBBROSLTD,EQ,794.9,797.35,783.0,790.85,790.15,58923,464.77,4711,29753,50.49,05-Jun-2023
LGBFORGE,EQ,8.15,8.2,8.05,8.05,8.05,118702,9.62,200,97042,81.75,05-Jun-2023
LIBAS,EQ,12.4,12.8,12.2,12.6,12.4,77928,9.8,301,54067,69.38,05-Jun-2023
LIBERTSHOE,EQ,235.95,236.7,231.5,233.5,233.95,53526,125.5,2325,22954,42.88,05-Jun-2023
LICHSGFIN,EQ,380.9,382.15,375.1,375.8,379.2,2323645,8794.04,27839,714999,30.77,05-Jun-2023
LICI,EQ,598.5,602.0,595.95,596.6,596.85,641136,3839.81,21935,332652,51.88,05-Jun-2023
LICNETFGSC,EQ,23.99,23.99,23.7,23.7,23.74,4416,1.05,84,1995,45.18,05-Jun-2023
LICNETFN50,EQ,201.0,201.33,200.43,200.46,200.24,158,0.32,30,133,84.18,05-Jun-2023
LICNETFSEN,EQ,698.8,698.8,682.41,688.12,685.07,584,4.02,23,552,94.52,05-Jun-2023
LICNFNHGP,EQ,196.5,198.74,196.14,198.39,197.05,601,1.18,28,591,98.34,05-Jun-2023
LIKHITHA,EQ,267.95,271.1,266.0,267.55,267.3,123588,332.3,3413,72441,58.61,05-Jun-2023
LINC,EQ,798.0,801.7,787.1,791.2,793.65,16368,129.97,1944,11131,68.00,05-Jun-2023
LINCOLN,EQ,379.1,383.2,377.0,378.55,379.15,87160,330.16,3644,53853,61.79,05-Jun-2023
LINDEINDIA,EQ,4006.0,4025.0,3978.85,3990.35,4007.05,13392,535.81,4603,7190,53.69,05-Jun-2023
LIQUIDBEES,EQ,1000.0,1000.06,999.99,999.99,1000.0,2190780,21907.7,12007,1730771,79.00,05-Jun-2023
LIQUIDETF,EQ,1000.0,1000.01,999.99,999.99,999.99,183322,1833.22,176,81714,44.57,05-Jun-2023
LLOYDS,SM,44.0,45.0,43.2,45.0,43.1,33000,14.58,11,33000,100.00,05-Jun-2023
LODHA,EQ,554.95,564.45,536.4,556.35,557.5,1114988,6100.83,38615,533071,47.81,05-Jun-2023
LOKESHMACH,EQ,149.95,154.95,149.1,153.1,148.75,215434,329.62,3339,103279,47.94,05-Jun-2023
LOTUSEYE,EQ,72.05,76.9,70.25,76.15,73.25,25239,18.4,446,15259,60.46,05-Jun-2023
LOVABLE,EQ,108.0,109.0,107.25,108.5,107.75,21402,23.2,469,12726,59.46,05-Jun-2023
LOYALTEX,EQ,650.3,659.9,630.1,637.35,650.25,367,2.35,64,291,79.29,05-Jun-2023
LPDC,EQ,5.8,5.9,5.7,5.85,5.8,43178,2.5,270,21194,49.09,05-Jun-2023
LRRPL,SM,56.3,62.2,56.3,62.2,59.25,90000,52.3,13,78000,86.67,05-Jun-2023
LSIL,EQ,26.75,27.45,26.05,26.85,25.55,28921054,7731.27,30070,9638227,33.33,05-Jun-2023
LT,EQ,2245.0,2272.8,2240.0,2268.3,2234.55,2344944,53012.54,132166,1410174,60.14,05-Jun-2023
LTGILTBEES,EQ,24.18,24.24,24.16,24.21,24.22,159181,38.55,217,148542,93.32,05-Jun-2023
LTIM,EQ,5010.0,5029.95,4930.1,4943.2,4994.15,156817,7793.89,22702,67312,42.92,05-Jun-2023
LTTS,EQ,3959.95,3975.0,3916.55,3925.8,3935.75,137494,5420.56,10848,61961,45.06,05-Jun-2023
LUMAXIND,EQ,1935.05,2139.6,1919.6,2095.55,1919.6,85265,1771.8,14785,23309,27.34,05-Jun-2023
LUMAXTECH,EQ,351.75,364.2,348.0,352.95,347.95,921199,3273.46,22187,223886,24.30,05-Jun-2023
LUPIN,EQ,825.0,831.35,818.0,820.3,816.95,1487359,12236.51,33395,395382,26.58,05-Jun-2023
LUXIND,EQ,1514.8,1528.8,1501.25,1516.6,1508.1,45394,689.96,5343,27431,60.43,05-Jun-2023
LXCHEM,EQ,261.8,262.6,260.0,260.55,259.8,324421,846.7,8279,179747,55.41,05-Jun-2023
LYKALABS,EQ,105.25,106.3,101.5,104.55,104.7,553840,572.27,4663,291326,52.60,05-Jun-2023
LYPSAGEMS,EQ,4.35,4.35,4.2,4.25,4.2,22452,0.96,80,10457,46.57,05-Jun-2023
M&M,EQ,1349.8,1401.0,1346.35,1395.4,1341.4,5105293,70559.93,222575,2369214,46.41,05-Jun-2023
M&MFIN,EQ,300.0,305.0,299.1,301.0,298.1,5712184,17262.18,44618,3606923,63.14,05-Jun-2023
M&MFIN,N1,1038.0,1038.0,1038.0,1038.0,1028.0,3,0.03,1,3,100.00,05-Jun-2023
M&MFIN,N2,1030.0,1030.0,1030.0,1030.0,1032.0,125,1.29,4,125,100.00,05-Jun-2023
MAANALU,EQ,227.35,249.45,227.35,249.45,207.9,621925,1500.61,7794,353464,56.83,05-Jun-2023
MACPOWER,EQ,302.0,304.8,280.0,285.95,297.4,66951,192.35,2728,37925,56.65,05-Jun-2023
MADHAV,EQ,41.05,42.95,41.05,42.5,41.3,14153,6.0,146,11055,78.11,05-Jun-2023
MADHAVBAUG,SM,255.0,255.0,247.0,247.0,248.0,4000,10.06,5,3200,80.00,05-Jun-2023
MADHUCON,EQ,4.6,4.6,4.55,4.6,4.4,43370,2.0,53,34954,80.59,05-Jun-2023
MADRASFERT,EQ,68.1,69.7,67.85,68.25,67.9,612316,421.06,3900,180422,29.47,05-Jun-2023
MAESGETF,EQ,30.24,30.29,30.15,30.21,30.07,14154,4.27,82,12645,89.34,05-Jun-2023
MAFANG,EQ,60.15,60.29,59.77,60.05,59.82,803569,482.59,3669,711268,88.51,05-Jun-2023
MAFSETF,EQ,20.2,20.2,19.65,19.65,19.6,131986,26.01,856,92069,69.76,05-Jun-2023
MAGADSUGAR,EQ,360.15,376.5,355.0,361.6,368.6,23677,86.79,1189,12167,51.39,05-Jun-2023
MAGNUM,EQ,40.05,40.05,40.05,40.05,42.15,43120,17.27,174,43120,100.00,05-Jun-2023
MAGOLDETF,EQ,59.9,60.1,59.3,59.7,60.0,1693,1.01,69,1635,96.57,05-Jun-2023
MAGS813ETF,EQ,24.32,24.69,24.32,24.64,24.64,55,0.01,7,39,70.91,05-Jun-2023
MAHABANK,EQ,31.75,31.75,30.5,30.65,31.55,15523942,4815.64,17332,6668584,42.96,05-Jun-2023
MAHAPEXLTD,EQ,103.0,103.2,101.05,101.6,102.15,4075,4.15,123,3398,83.39,05-Jun-2023
MAHASTEEL,EQ,64.65,64.9,63.0,64.15,63.95,7948,5.11,214,4419,55.60,05-Jun-2023
MAHEPC,EQ,98.35,101.95,97.55,101.25,97.45,76257,76.51,930,39617,51.95,05-Jun-2023
MAHESHWARI,EQ,79.5,80.3,78.5,78.8,78.95,14472,11.47,187,8547,59.06,05-Jun-2023
MAHICKRA,SM,83.7,83.7,83.5,83.5,89.0,3000,2.51,2,3000,100.00,05-Jun-2023
MAHINDCIE,EQ,468.0,470.7,456.2,458.8,465.4,747005,3462.13,32152,327187,43.80,05-Jun-2023
MAHKTECH,EQ,13.54,13.69,13.51,13.66,13.56,210662,28.71,1059,159435,75.68,05-Jun-2023
MAHLIFE,EQ,455.15,466.45,445.1,448.55,448.45,586195,2677.81,18244,218703,37.31,05-Jun-2023
MAHLOG,EQ,370.9,372.0,364.0,364.95,365.0,96172,352.57,5170,65033,67.62,05-Jun-2023
MAHSCOOTER,EQ,5245.7,5326.95,5216.05,5312.65,5243.9,3199,169.42,929,2264,70.77,05-Jun-2023
MAHSEAMLES,EQ,483.95,487.1,472.5,474.4,469.55,1045832,5002.24,28081,567258,54.24,05-Jun-2023
MAITHANALL,EQ,987.25,998.6,976.0,982.45,982.35,26201,258.49,2595,15535,59.29,05-Jun-2023
MAKS,SM,35.0,35.0,35.0,35.0,36.5,6000,2.1,1,6000,100.00,05-Jun-2023
MALLCOM,EQ,955.0,957.9,915.0,938.15,932.6,13812,130.99,932,10675,77.29,05-Jun-2023
MALUPAPER,EQ,33.6,35.1,33.6,34.75,33.75,17258,5.97,225,11545,66.90,05-Jun-2023
MAM150ETF,EQ,13.1,13.1,12.3,12.81,12.73,200462,25.7,681,171661,85.63,05-Jun-2023
MAMFGETF,EQ,88.88,89.04,88.58,89.02,88.2,23619,20.94,155,22117,93.64,05-Jun-2023
MAN50ETF,EQ,194.99,195.82,194.9,194.95,194.39,2379,4.65,138,1557,65.45,05-Jun-2023
MANAKALUCO,EQ,24.3,24.35,22.1,23.15,24.55,881462,204.49,4910,471929,53.54,05-Jun-2023
MANAKCOAT,EQ,16.55,17.65,16.5,17.2,16.55,155140,26.59,622,89870,57.93,05-Jun-2023
MANAKSIA,EQ,179.0,187.5,176.3,184.85,175.1,859309,1568.52,9679,461062,53.65,05-Jun-2023
MANAKSTEEL,EQ,36.95,37.35,36.6,36.85,36.55,62984,23.29,398,46636,74.04,05-Jun-2023
MANALIPETC,EQ,67.5,68.2,66.25,66.45,67.0,258233,173.24,3338,159579,61.80,05-Jun-2023
MANAPPURAM,EQ,112.9,113.3,110.1,110.5,112.35,16277489,18100.91,42454,7164093,44.01,05-Jun-2023
MANGALAM,EQ,105.15,106.7,104.05,104.55,103.65,38735,40.78,617,11559,29.84,05-Jun-2023
MANGCHEFER,EQ,93.05,95.85,92.0,95.05,92.35,213183,200.79,2146,147163,69.03,05-Jun-2023
MANGLMCEM,EQ,309.0,324.0,309.0,315.7,308.85,82232,262.08,3002,45621,55.48,05-Jun-2023
MANINDS,EQ,143.8,145.75,139.05,140.0,142.65,371056,528.51,4686,139835,37.69,05-Jun-2023
MANINFRA,EQ,95.5,100.4,95.45,99.95,94.3,2693109,2666.09,13055,1417422,52.63,05-Jun-2023
MANKIND,EQ,1443.95,1469.9,1413.05,1423.9,1466.25,612827,8804.01,26365,319160,52.08,05-Jun-2023
MANOMAY,BE,138.0,138.0,135.0,135.0,138.9,1168,1.59,13,-,-,05-Jun-2023
MANORAMA,BE,1549.0,1549.0,1460.0,1469.15,1534.9,7983,120.2,473,-,-,05-Jun-2023
MANORG,EQ,430.05,434.9,421.3,424.35,428.1,5459,23.27,412,3088,56.57,05-Jun-2023
MANUGRAPH,EQ,17.35,18.2,15.75,17.75,16.75,149815,26.41,792,72596,48.46,05-Jun-2023
MANV30F,EQ,140.0,140.97,140.0,140.05,140.97,1308,1.83,9,1217,93.04,05-Jun-2023
MANXT50,EQ,427.93,429.64,427.36,428.76,427.3,703,3.01,57,501,71.27,05-Jun-2023
MANYAVAR,EQ,1281.0,1295.0,1270.0,1284.1,1286.8,106786,1364.25,12800,76804,71.92,05-Jun-2023
MAPMYINDIA,EQ,1107.0,1122.0,1100.05,1109.05,1100.95,214464,2380.4,19065,159638,74.44,05-Jun-2023
MARALOVER,EQ,52.9,53.95,51.65,52.85,52.05,10682,5.67,244,6807,63.72,05-Jun-2023
MARATHON,EQ,302.5,325.0,301.0,320.05,300.35,174835,552.72,8929,67164,38.42,05-Jun-2023
MARICO,EQ,549.0,553.45,545.0,547.15,549.45,599951,3281.15,15904,315862,52.65,05-Jun-2023
MARINE,EQ,50.85,52.0,49.5,50.4,50.85,485562,248.28,3310,305915,63.00,05-Jun-2023
MARKSANS,EQ,83.25,89.9,82.25,88.55,82.75,11336792,9942.08,34740,3722199,32.83,05-Jun-2023
MARSHALL,EQ,65.25,66.95,64.55,64.9,67.95,429823,279.6,1200,249092,57.95,05-Jun-2023
MARUTI,EQ,9552.5,9640.0,9488.55,9582.1,9485.35,434649,41677.78,54879,200150,46.05,05-Jun-2023
MASFIN,EQ,762.4,770.0,747.05,766.55,757.15,35204,267.41,3836,24560,69.76,05-Jun-2023
MASPTOP50,EQ,31.37,31.37,31.01,31.07,30.92,353108,109.74,586,343164,97.18,05-Jun-2023
MASTEK,EQ,2098.8,2114.9,2031.0,2043.55,2089.75,124686,2591.8,13150,50839,40.77,05-Jun-2023
MATRIMONY,EQ,633.75,689.6,633.75,679.5,633.65,119439,802.57,8672,65960,55.22,05-Jun-2023
MAWANASUG,EQ,95.85,97.2,95.1,96.3,95.0,143709,138.45,1736,83078,57.81,05-Jun-2023
MAXHEALTH,EQ,533.75,537.4,515.0,519.05,531.0,2212840,11598.45,52417,1457196,65.85,05-Jun-2023
MAXIND,EQ,104.75,104.75,102.0,103.0,103.95,72611,74.97,1411,40362,55.59,05-Jun-2023
MAXVIL,EQ,202.75,214.4,202.75,209.05,199.85,545108,1143.58,10867,229849,42.17,05-Jun-2023
MAYURUNIQ,EQ,472.0,482.0,465.3,471.05,471.3,81777,386.13,4386,49961,61.09,05-Jun-2023
MAZDA,EQ,985.15,1026.0,970.0,995.7,981.45,66388,665.7,3988,32562,49.05,05-Jun-2023
MAZDOCK,EQ,846.0,1006.0,840.4,986.1,838.4,23317935,220334.31,387714,2433058,10.43,05-Jun-2023
MBAPL,EQ,625.0,629.2,610.75,618.65,623.65,16221,101.05,627,12749,78.60,05-Jun-2023
MBECL,BE,4.3,4.3,4.3,4.3,4.1,42232,1.82,48,-,-,05-Jun-2023
MBLINFRA,BE,21.75,22.35,21.0,21.45,21.65,35109,7.55,203,-,-,05-Jun-2023
MCDOWELL-N,EQ,873.0,882.0,866.5,876.15,874.65,439560,3838.83,28971,211081,48.02,05-Jun-2023
MCL,EQ,30.6,31.35,30.3,30.45,31.15,14662,4.49,124,11786,80.38,05-Jun-2023
MCLEODRUSS,EQ,19.35,19.6,19.1,19.2,19.2,198425,38.35,599,159912,80.59,05-Jun-2023
MCON,SM,109.0,110.4,109.0,110.4,105.15,27000,29.64,9,27000,100.00,05-Jun-2023
MCX,EQ,1465.05,1489.9,1461.65,1469.15,1461.55,287787,4243.84,13953,164381,57.12,05-Jun-2023
MEDANTA,EQ,589.0,607.0,588.15,603.35,582.15,466812,2805.54,25555,202326,43.34,05-Jun-2023
MEDICAMEQ,EQ,715.7,717.95,694.0,699.35,706.1,9444,66.67,1361,4484,47.48,05-Jun-2023
MEDICO,EQ,87.9,87.9,84.1,85.6,86.0,175213,150.16,1153,36039,20.57,05-Jun-2023
MEDPLUS,EQ,812.65,817.0,795.2,805.75,812.65,99381,802.17,5933,38400,38.64,05-Jun-2023
MEGAFLEX,SM,37.15,37.9,37.15,37.9,40.6,6000,2.25,2,6000,100.00,05-Jun-2023
MEGASOFT,EQ,33.6,34.05,32.7,32.85,33.3,82756,27.44,743,46589,56.30,05-Jun-2023
MEGASTAR,EQ,305.85,336.0,305.85,329.55,301.4,159705,517.4,11160,72088,45.14,05-Jun-2023
MELSTAR,BZ,2.85,2.85,2.65,2.65,2.75,3430,0.09,10,-,-,05-Jun-2023
MENONBE,EQ,138.0,144.25,136.6,141.5,137.45,424694,597.78,5557,181271,42.68,05-Jun-2023
MEP,EQ,13.8,14.3,13.4,13.65,13.5,464007,64.42,1890,282422,60.87,05-Jun-2023
METALFORGE,BZ,3.4,3.4,3.15,3.35,3.3,13496,0.43,34,-,-,05-Jun-2023
METROBRAND,EQ,995.0,995.0,944.85,952.25,985.1,118559,1141.94,10586,43207,36.44,05-Jun-2023
METROPOLIS,EQ,1311.9,1327.45,1303.8,1316.85,1311.35,143907,1891.39,12071,72612,50.46,05-Jun-2023
MFL,EQ,945.0,971.5,937.0,961.5,928.6,105342,1009.76,8318,50086,47.55,05-Jun-2023
MFSL,EQ,698.0,699.65,685.05,692.25,697.75,481437,3342.71,14215,271009,56.29,05-Jun-2023
MGEL,BE,20.95,20.95,20.35,20.65,20.9,12137,2.51,117,-,-,05-Jun-2023
MGL,EQ,1040.0,1046.95,1025.7,1028.9,1037.8,239476,2472.12,10006,70926,29.62,05-Jun-2023
MHHL,SM,57.0,57.95,56.6,56.95,57.0,15000,8.55,5,15000,100.00,05-Jun-2023
MHLXMIRU,EQ,240.5,242.95,232.0,237.75,237.4,41836,99.59,1736,23873,57.06,05-Jun-2023
MHRIL,EQ,309.5,315.8,300.1,301.1,306.9,652794,2015.39,13509,358055,54.85,05-Jun-2023
MICEL,BE,19.8,20.2,19.75,19.95,19.55,206435,41.21,490,-,-,05-Jun-2023
MID150BEES,EQ,130.1,133.6,129.86,130.17,129.88,200758,261.44,3420,113951,56.76,05-Jun-2023
MIDHANI,EQ,230.4,240.5,229.05,234.8,229.6,1501967,3536.22,24531,517706,34.47,05-Jun-2023
MINDACORP,EQ,300.9,301.75,292.1,294.1,298.4,2005945,5966.24,25436,991992,49.45,05-Jun-2023
MINDPOOL,SM,50.45,50.45,50.45,50.45,53.1,2000,1.01,2,2000,100.00,05-Jun-2023
MINDSPACE,RR,299.5,302.01,299.2,301.1,299.65,650959,1956.87,3553,636268,97.74,05-Jun-2023
MINDTECK,EQ,131.0,138.95,131.0,134.65,132.5,138546,187.09,2270,72788,52.54,05-Jun-2023
MIRCELECTR,EQ,13.4,13.4,13.05,13.1,13.25,194723,25.72,849,122378,62.85,05-Jun-2023
MIRZAINT,BE,50.5,52.95,50.5,52.95,50.45,612796,320.31,3254,-,-,05-Jun-2023
MITCON,EQ,72.8,72.8,67.5,69.45,70.2,14071,9.81,456,9043,64.27,05-Jun-2023
MITTAL,EQ,13.95,13.95,13.45,13.55,14.0,11192,1.52,58,10605,94.76,05-Jun-2023
MKPL,SM,750.0,750.0,750.0,750.0,723.0,150,1.13,1,150,100.00,05-Jun-2023
MMFL,EQ,863.7,869.0,842.25,848.4,857.0,27311,234.27,2201,13868,50.78,05-Jun-2023
MMP,EQ,176.5,177.0,171.4,172.95,170.45,10842,18.9,199,5916,54.57,05-Jun-2023
MMTC,EQ,30.6,31.05,30.25,30.65,30.35,1351380,414.45,4397,490004,36.26,05-Jun-2023
MODIRUBBER,BE,66.95,66.95,62.6,62.85,65.8,386,0.25,18,-,-,05-Jun-2023
MODISONLTD,EQ,70.3,71.95,70.25,70.3,70.05,37675,26.58,457,22707,60.27,05-Jun-2023
MOGSEC,EQ,52.33,52.33,52.25,52.3,52.28,51012,26.67,19,40184,78.77,05-Jun-2023
MOHEALTH,EQ,24.48,24.6,23.6,24.26,24.1,1184,0.28,42,439,37.08,05-Jun-2023
MOHITIND,EQ,15.8,16.05,15.4,15.6,15.75,11062,1.72,92,6349,57.39,05-Jun-2023
MOIL,EQ,162.0,162.5,160.0,160.2,161.2,137495,221.4,3129,82336,59.88,05-Jun-2023
MOKSH,EQ,10.25,10.25,10.1,10.2,10.15,72465,7.38,238,52148,71.96,05-Jun-2023
MOL,EQ,83.2,88.0,82.95,87.5,82.3,1522116,1315.78,9802,741589,48.72,05-Jun-2023
MOLDTECH,EQ,349.3,354.0,341.65,345.1,345.8,99831,349.01,4203,64657,64.77,05-Jun-2023
MOLDTKPAC,EQ,978.85,985.3,952.4,960.8,970.05,43755,423.33,5453,22004,50.29,05-Jun-2023
MOLOWVOL,EQ,26.95,26.95,26.09,26.18,26.17,2800,0.74,54,2321,82.89,05-Jun-2023
MOM100,EQ,37.15,37.15,36.02,36.11,36.08,281844,102.02,1334,228319,81.01,05-Jun-2023
MOM50,EQ,187.0,188.5,187.0,188.32,186.97,2052,3.86,100,1534,74.76,05-Jun-2023
MOMENTUM,EQ,21.0,21.0,20.59,20.82,20.62,5371,1.12,100,3141,58.48,05-Jun-2023
MOMOMENTUM,EQ,41.4,41.88,40.53,41.44,41.27,47257,19.69,196,30545,64.64,05-Jun-2023
MON100,EQ,116.49,116.49,115.13,116.22,115.62,458557,532.52,5521,331889,72.38,05-Jun-2023
MONARCH,EQ,204.5,211.7,202.55,208.7,202.6,40856,85.23,1053,11800,28.88,05-Jun-2023
MONQ50,EQ,52.84,53.5,52.7,53.05,52.49,55025,29.26,478,38440,69.86,05-Jun-2023
MONTECARLO,EQ,786.5,798.0,771.65,789.4,779.15,82071,646.48,7248,25105,30.59,05-Jun-2023
MORARJEE,EQ,18.45,18.45,17.25,17.65,17.85,27718,4.91,174,21239,76.63,05-Jun-2023
MOREPENLAB,EQ,26.5,27.65,26.2,27.15,26.35,4318861,1160.86,7134,1646767,38.13,05-Jun-2023
MOS,SM,108.0,109.5,105.0,108.4,106.45,174400,189.19,84,78400,44.95,05-Jun-2023
MOTHERSON,EQ,81.0,81.45,80.4,80.95,80.35,7355413,5957.3,25171,3914909,53.22,05-Jun-2023
MOTILALOFS,EQ,643.95,647.0,639.0,641.2,638.55,51031,327.62,4000,29404,57.62,05-Jun-2023
MOTOGENFIN,EQ,29.35,29.35,28.0,28.9,28.45,2021,0.58,48,1849,91.49,05-Jun-2023
MOVALUE,EQ,51.9,51.93,51.48,51.55,51.75,183,0.09,16,175,95.63,05-Jun-2023
MOXSH,SM,125.25,125.25,125.25,125.25,128.4,800,1.0,1,800,100.00,05-Jun-2023
MPHASIS,EQ,2025.0,2040.0,1977.3,1987.35,2017.65,575415,11520.54,33580,308935,53.69,05-Jun-2023
MPSLTD,EQ,1093.7,1122.95,1093.7,1100.4,1093.7,20756,230.0,2999,10430,50.25,05-Jun-2023
MRF,EQ,96880.0,97187.95,96502.15,96797.45,96368.5,3003,2907.41,2177,1118,37.23,05-Jun-2023
MRO-TEK,EQ,51.5,57.9,51.4,53.65,52.0,65224,36.24,973,18269,28.01,05-Jun-2023
MRPL,EQ,65.0,67.05,64.8,66.0,64.65,6400374,4244.96,14759,2087085,32.61,05-Jun-2023
MSPL,EQ,8.6,8.7,8.5,8.55,8.55,140745,12.09,487,95831,68.09,05-Jun-2023
MSTCLTD,EQ,308.45,309.3,304.35,305.95,306.35,133891,409.39,3513,68084,50.85,05-Jun-2023
MSUMI,EQ,58.75,58.85,57.9,58.1,58.35,5511266,3211.04,31715,3605258,65.42,05-Jun-2023
MTARTECH,EQ,1905.5,1990.0,1872.75,1895.55,1892.2,1439257,27679.22,58364,573921,39.88,05-Jun-2023
MTEDUCARE,BE,4.15,4.35,4.1,4.2,4.2,19964,0.84,62,-,-,05-Jun-2023
MTNL,EQ,19.7,19.7,19.35,19.5,19.55,702301,137.14,1837,368755,52.51,05-Jun-2023
MUKANDLTD,EQ,128.1,128.65,125.0,125.4,127.15,129717,164.35,1298,88998,68.61,05-Jun-2023
MUKTAARTS,EQ,51.35,52.3,50.6,51.45,51.35,9680,4.97,230,5431,56.11,05-Jun-2023
MUNJALAU,EQ,50.8,51.45,50.45,50.6,50.15,129474,65.86,1117,61434,47.45,05-Jun-2023
MUNJALSHOW,EQ,112.95,113.8,111.9,112.3,111.9,191270,215.9,1595,150173,78.51,05-Jun-2023
MURUDCERA,EQ,47.7,47.7,45.6,46.3,46.05,562322,262.43,4074,347636,61.82,05-Jun-2023
MUTHOOTCAP,EQ,362.9,369.8,358.7,365.8,359.9,129887,474.76,4890,89101,68.60,05-Jun-2023
MUTHOOTFIN,EQ,1126.0,1129.5,1115.15,1126.9,1123.6,241937,2720.23,14273,134481,55.59,05-Jun-2023
NACLIND,EQ,99.4,100.95,98.1,98.4,98.3,141424,141.43,1591,100952,71.38,05-Jun-2023
NAGAFERT,EQ,10.65,10.7,10.0,10.0,10.5,1245045,125.46,1024,1077564,86.55,05-Jun-2023
NAGREEKCAP,EQ,21.2,21.2,19.6,20.3,20.3,18513,3.76,122,11574,62.52,05-Jun-2023
NAGREEKEXP,EQ,46.8,50.75,46.8,48.95,46.7,152352,75.26,1516,77326,50.75,05-Jun-2023
NAHARCAP,EQ,278.5,278.5,271.5,272.8,271.8,5771,15.78,356,3660,63.42,05-Jun-2023
NAHARINDUS,EQ,107.5,110.0,106.25,106.55,107.05,36597,39.48,576,24875,67.97,05-Jun-2023
NAHARPOLY,EQ,241.0,243.3,239.3,240.7,240.85,41627,100.35,1319,22435,53.90,05-Jun-2023
NAHARSPING,EQ,263.95,270.0,263.95,268.55,262.55,43194,115.75,1605,26922,62.33,05-Jun-2023
NAM-INDIA,EQ,248.4,251.6,247.35,250.4,247.05,306774,766.76,7922,135748,44.25,05-Jun-2023
NARMADA,EQ,20.15,21.0,19.65,20.25,20.15,14206,2.89,168,10250,72.15,05-Jun-2023
NATCOPHARM,EQ,634.9,644.4,628.0,630.7,627.8,552968,3510.47,16617,278388,50.34,05-Jun-2023
NATHBIOGEN,EQ,173.2,182.4,173.2,180.7,172.9,76519,137.46,1949,43956,57.44,05-Jun-2023
NATIONALUM,EQ,84.45,84.65,83.6,83.85,83.9,4803136,4035.32,11700,2043020,42.54,05-Jun-2023
NAUKRI,EQ,4220.0,4299.9,4123.75,4136.9,4266.35,652777,27316.88,45045,290851,44.56,05-Jun-2023
NAVA,EQ,253.75,273.9,253.05,260.1,246.55,4769441,12679.01,57523,1350477,28.32,05-Jun-2023
NAVINFLUOR,EQ,4661.75,4670.0,4630.0,4645.8,4615.55,98067,4559.94,7940,51546,52.56,05-Jun-2023
NAVKARCORP,EQ,57.05,57.7,55.35,56.15,56.65,453499,257.51,2680,256849,56.64,05-Jun-2023
NAVNETEDUL,EQ,125.9,126.5,121.8,123.75,125.9,284121,352.0,3524,172739,60.80,05-Jun-2023
NAZARA,EQ,633.8,640.6,629.15,631.95,628.8,89602,568.92,4798,35973,40.15,05-Jun-2023
NBCC,EQ,44.0,44.3,42.55,42.75,43.75,7868700,3402.6,14940,3963887,50.38,05-Jun-2023
NBIFIN,EQ,1460.5,1500.0,1449.05,1481.5,1486.2,212,3.16,69,151,71.23,05-Jun-2023
NCC,EQ,129.15,129.85,124.15,124.75,128.15,4714398,5976.71,23018,2168247,45.99,05-Jun-2023
NCLIND,EQ,189.0,192.0,189.0,190.55,187.05,80697,153.76,2343,45436,56.30,05-Jun-2023
NDGL,BE,1815.0,1835.0,1760.0,1779.25,1828.9,246,4.4,54,-,-,05-Jun-2023
NDL,EQ,20.7,21.2,20.45,20.65,20.8,213845,44.3,590,177284,82.90,05-Jun-2023
NDLVENTURE,EQ,119.65,122.4,119.6,121.3,119.5,3588,4.35,140,2742,76.42,05-Jun-2023
NDRAUTO,EQ,849.6,858.95,816.1,824.95,842.2,30169,252.84,3253,17475,57.92,05-Jun-2023
NDTV,EQ,247.0,247.5,238.0,238.9,242.0,354508,857.46,6195,210706,59.44,05-Jun-2023
NECCLTD,EQ,20.8,21.5,19.9,20.05,20.9,176985,36.03,939,130822,73.92,05-Jun-2023
NECLIFE,EQ,17.2,17.55,17.1,17.35,17.3,156154,27.1,446,91765,58.77,05-Jun-2023
NELCAST,EQ,93.5,96.2,93.0,95.4,93.1,230249,218.03,2634,115118,50.00,05-Jun-2023
NELCO,EQ,624.45,639.65,622.85,633.1,619.0,155457,986.15,7602,63888,41.10,05-Jun-2023
NEOGEN,EQ,1569.0,1594.55,1551.15,1578.75,1560.85,24494,384.78,3909,10048,41.02,05-Jun-2023
NESCO,EQ,614.0,622.0,609.0,617.15,608.75,49924,307.56,3155,29432,58.95,05-Jun-2023
NESTLEIND,EQ,21999.05,22129.7,21790.0,21834.15,22046.45,81509,17847.18,20291,54650,67.05,05-Jun-2023
NETF,EQ,192.17,195.99,192.17,195.93,195.47,1779,3.47,72,1097,61.66,05-Jun-2023
NETWORK18,EQ,66.2,66.7,64.35,64.65,66.2,1964731,1292.12,9623,727898,37.05,05-Jun-2023
NEULANDLAB,EQ,2844.9,2856.0,2769.9,2820.3,2800.8,24168,679.99,4795,12001,49.66,05-Jun-2023
NEWGEN,EQ,680.0,693.9,660.4,666.65,672.35,311772,2116.72,12629,113045,36.26,05-Jun-2023
NEXTMEDIA,EQ,6.0,6.0,5.9,6.0,5.75,21725,1.3,62,21708,99.92,05-Jun-2023
NFL,EQ,68.75,70.7,68.6,69.55,68.1,3990575,2783.97,13006,1128453,28.28,05-Jun-2023
NGIL,EQ,53.05,55.7,53.0,55.7,53.05,14597,8.07,161,14100,96.60,05-Jun-2023
NGLFINE,EQ,1453.1,1489.45,1449.2,1466.7,1443.8,3080,44.95,737,1942,63.05,05-Jun-2023
NH,EQ,946.0,946.0,906.85,909.9,932.8,259430,2387.08,18861,113130,43.61,05-Jun-2023
NHAI,N2,1153.25,1153.25,1153.0,1153.07,1153.0,186,2.14,6,186,100.00,05-Jun-2023
NHAI,N6,1192.0,1194.8,1191.99,1194.06,1192.28,1058,12.61,11,956,90.36,05-Jun-2023
NHAI,N8,1059.0,1059.0,1058.79,1058.79,1047.71,31,0.33,2,31,100.00,05-Jun-2023
NHAI,N9,1170.0,1170.0,1170.0,1170.0,1180.0,29,0.34,1,29,100.00,05-Jun-2023
NHAI,,1165.0,1167.49,1163.0,1166.0,1166.36,761,8.86,26,405,53.22,05-Jun-2023
NHAI,NE,1182.5,1182.5,1182.5,1182.5,1181.0,886,10.48,1,886,100.00,05-Jun-2023
NHBTF2014,N4,5200.0,5200.0,5200.0,5200.0,5106.0,1,0.05,1,1,100.00,05-Jun-2023
NHBTF2014,N5,5950.0,5950.0,5950.0,5950.0,5950.0,7,0.42,2,7,100.00,05-Jun-2023
NHBTF2014,N6,6672.1,6700.0,6672.1,6680.46,6650.0,42,2.81,5,40,95.24,05-Jun-2023
NHBTF2023,N6,5921.8,5921.8,5920.0,5920.0,5925.0,21,1.24,3,21,100.00,05-Jun-2023
NHIT,N1,308.2,308.7,308.0,308.3,308.5,5518,17.02,36,5518,100.00,05-Jun-2023
NHIT,N2,311.0,311.0,310.6,310.6,311.0,1789,5.56,10,1789,100.00,05-Jun-2023
NHIT,N3,417.0,418.5,416.7,417.09,417.0,2059,8.59,17,1521,73.87,05-Jun-2023
NHPC,EQ,43.5,45.15,43.4,43.9,43.2,15793306,6974.28,26306,8483525,53.72,05-Jun-2023
NIACL,EQ,119.3,119.85,117.5,117.85,119.0,376570,445.9,4509,181383,48.17,05-Jun-2023
NIBL,EQ,18.7,18.7,17.85,17.85,17.95,13724,2.47,98,12032,87.67,05-Jun-2023
NIDAN,SM,42.15,42.95,41.65,42.55,42.15,8000,3.37,8,6000,75.00,05-Jun-2023
NIF100BEES,EQ,194.28,194.28,192.28,192.58,192.33,21902,42.19,243,18368,83.86,05-Jun-2023
NIFTYBEES,EQ,205.39,205.48,203.99,204.28,203.84,1707187,3492.06,35806,1268105,74.28,05-Jun-2023
NIFTYQLITY,EQ,15.3,15.49,15.26,15.39,15.3,14334,2.21,216,7247,50.56,05-Jun-2023
NIITLTD,EQ,393.0,399.8,388.5,390.7,391.1,431500,1693.49,10945,206238,47.80,05-Jun-2023
NILAINFRA,EQ,5.15,5.4,5.05,5.1,5.15,395079,20.69,481,210639,53.32,05-Jun-2023
NILASPACES,EQ,2.65,2.7,2.6,2.6,2.6,113088,2.97,201,80142,70.87,05-Jun-2023
NILKAMAL,EQ,2276.0,2290.6,2195.45,2260.85,2264.65,8612,193.29,3401,4047,46.99,05-Jun-2023
NINSYS,EQ,471.8,473.4,466.95,473.4,450.9,4760,22.52,195,3937,82.71,05-Jun-2023
NIPPOBATRY,EQ,350.2,358.4,350.0,355.45,352.8,2326,8.24,269,1265,54.39,05-Jun-2023
NIRAJ,EQ,31.5,31.5,30.0,30.35,30.8,11204,3.43,288,7370,65.78,05-Jun-2023
NIRMAN,SM,99.0,103.95,98.0,103.8,99.0,110400,112.86,80,91200,82.61,05-Jun-2023
NITCO,EQ,19.3,19.6,18.75,19.0,19.15,47543,9.11,392,28062,59.02,05-Jun-2023
NITINSPIN,EQ,257.0,263.2,252.55,256.8,253.2,199429,514.88,7273,106520,53.41,05-Jun-2023
NITIRAJ,EQ,77.7,78.1,77.15,77.65,75.5,2565,1.99,111,1093,42.61,05-Jun-2023
NKIND,EQ,40.45,41.85,40.45,41.3,41.75,181,0.07,20,163,90.06,05-Jun-2023
NLCINDIA,EQ,93.0,98.9,92.85,98.25,92.55,9406014,9146.6,40834,3647364,38.78,05-Jun-2023
NMDC,EQ,110.0,110.3,108.9,109.0,108.9,7096659,7759.75,29041,3754946,52.91,05-Jun-2023
NOCIL,EQ,226.0,226.85,219.9,220.6,225.0,513642,1142.46,8001,286095,55.70,05-Jun-2023
NOIDATOLL,EQ,6.95,7.0,6.8,6.85,6.9,70278,4.84,113,52716,75.01,05-Jun-2023
NOVARTIND,EQ,731.95,734.0,724.85,729.75,721.15,26816,195.27,3327,15393,57.40,05-Jun-2023
NPBET,EQ,229.52,230.58,228.66,229.99,228.02,8013,18.36,27,8003,99.88,05-Jun-2023
NPST,SM,721.0,722.7,706.0,706.0,688.3,7600,54.74,18,6000,78.95,05-Jun-2023
NRAIL,EQ,278.2,298.45,278.2,296.4,282.15,29749,87.37,1051,22497,75.62,05-Jun-2023
NRBBEARING,EQ,174.15,178.45,173.05,174.85,173.55,748462,1320.31,10617,361168,48.25,05-Jun-2023
NRL,EQ,118.45,122.65,117.2,118.0,116.75,107307,128.28,1075,66306,61.79,05-Jun-2023
NSIL,EQ,2180.1,2239.95,2165.0,2175.2,2209.15,1468,32.25,360,806,54.90,05-Jun-2023
NSLNISP,EQ,44.7,44.9,43.0,43.35,44.45,4413628,1932.26,13360,3041717,68.92,05-Jun-2023
NTPC,EQ,175.8,176.2,173.55,174.1,174.55,12239684,21370.79,69041,7759583,63.40,05-Jun-2023
NTPC,N2,1175.91,1175.91,1175.91,1175.91,1175.0,5,0.06,1,5,100.00,05-Jun-2023
NTPC,N5,1174.52,1174.52,1174.52,1174.52,1174.15,1,0.01,1,1,100.00,05-Jun-2023
NTPC,N7,10.31,10.35,10.31,10.31,10.31,59192,6.11,105,56678,95.75,05-Jun-2023
NUCLEUS,EQ,1152.0,1180.0,1122.0,1147.2,1140.6,261354,2989.84,12478,78091,29.88,05-Jun-2023
NURECA,EQ,417.7,427.95,407.45,410.85,423.55,686652,2864.52,20515,108773,15.84,05-Jun-2023
NUVOCO,EQ,359.8,366.0,355.25,361.8,359.4,287140,1038.01,8988,128017,44.58,05-Jun-2023
NV20BEES,EQ,109.98,111.33,108.32,108.58,108.3,16234,17.71,222,9813,60.45,05-Jun-2023
NXST,RR,104.9,105.55,104.67,105.13,104.67,1928051,2026.28,1779,1876248,97.31,05-Jun-2023
NYKAA,EQ,136.85,138.9,132.5,137.6,135.75,19609128,26593.92,92331,6608433,33.70,05-Jun-2023
OAL,EQ,345.5,356.9,344.05,347.7,345.5,10673,37.25,995,4894,45.85,05-Jun-2023
OBCL,EQ,53.7,53.7,51.7,52.65,52.3,36360,19.19,415,25359,69.74,05-Jun-2023
OBEROIRLTY,EQ,964.8,972.55,952.2,959.7,958.85,457416,4397.82,20252,230668,50.43,05-Jun-2023
OCCL,EQ,763.65,789.0,763.65,781.05,763.65,11276,88.09,656,7643,67.78,05-Jun-2023
OFSS,EQ,3649.7,3655.0,3601.4,3629.3,3613.55,58938,2136.78,7188,27754,47.09,05-Jun-2023
OIL,EQ,253.5,255.6,252.0,253.95,250.0,1673476,4256.35,28196,1114462,66.60,05-Jun-2023
OILCOUNTUB,EQ,17.85,17.85,17.5,17.85,16.25,135444,24.15,285,99697,73.61,05-Jun-2023
OLECTRA,EQ,776.4,820.0,775.05,791.8,769.8,3562803,28536.48,80064,786579,22.08,05-Jun-2023
OMAXAUTO,BE,53.2,53.2,52.1,52.35,53.2,16444,8.65,118,-,-,05-Jun-2023
OMAXE,EQ,50.25,52.3,50.25,51.8,50.55,144437,74.56,882,95267,65.96,05-Jun-2023
OMFURN,SM,43.25,43.25,43.25,43.25,45.5,4000,1.73,2,4000,100.00,05-Jun-2023
OMINFRAL,EQ,42.6,44.0,42.6,43.15,42.6,147640,63.91,723,100480,68.06,05-Jun-2023
OMKARCHEM,BZ,7.9,8.05,7.55,7.9,7.75,11508,0.91,65,-,-,05-Jun-2023
ONELIFECAP,EQ,12.1,13.4,11.7,12.9,11.75,156913,20.0,665,107978,68.81,05-Jun-2023
ONEPOINT,EQ,23.4,23.7,22.65,22.9,23.2,609997,140.48,1035,333498,54.67,05-Jun-2023
ONGC,EQ,155.5,156.0,154.45,155.4,154.7,11850547,18408.88,61439,6602877,55.72,05-Jun-2023
ONMOBILE,EQ,75.4,77.85,74.7,75.05,74.65,836119,637.3,6247,239013,28.59,05-Jun-2023
ONWARDTEC,EQ,518.05,549.9,510.25,519.2,515.4,258338,1367.69,15898,59993,23.22,05-Jun-2023
OPTIEMUS,EQ,231.0,237.6,228.2,230.05,226.3,195154,454.03,4561,115490,59.18,05-Jun-2023
ORBTEXP,EQ,152.75,152.95,147.5,150.45,150.5,21131,31.7,510,12708,60.14,05-Jun-2023
ORCHPHARMA,BE,420.0,427.8,413.6,415.6,421.05,9892,41.6,141,-,-,05-Jun-2023
ORICONENT,EQ,23.35,23.65,22.6,22.95,23.1,227362,52.3,630,175474,77.18,05-Jun-2023
ORIENTABRA,EQ,28.55,28.8,28.3,28.45,28.55,40953,11.68,287,28617,69.88,05-Jun-2023
ORIENTALTL,EQ,6.85,7.0,6.65,6.8,6.8,50223,3.45,179,26676,53.12,05-Jun-2023
ORIENTBELL,EQ,539.2,542.9,532.0,534.1,538.15,6614,35.49,863,3797,57.41,05-Jun-2023
ORIENTCEM,EQ,137.3,142.4,137.0,140.2,136.8,1619588,2266.08,12134,1023642,63.20,05-Jun-2023
ORIENTELEC,EQ,239.65,242.45,235.4,237.0,240.0,132585,315.89,7080,66237,49.96,05-Jun-2023
ORIENTHOT,EQ,90.5,90.7,87.6,87.95,89.7,687839,611.66,6312,307381,44.69,05-Jun-2023
ORIENTLTD,EQ,60.1,62.35,60.1,61.65,61.3,3470,2.14,89,2520,72.62,05-Jun-2023
ORIENTPPR,EQ,42.9,43.35,42.3,42.45,42.7,851210,363.78,2850,461381,54.20,05-Jun-2023
ORISSAMINE,EQ,2694.95,2720.0,2668.0,2676.7,2679.65,2900,78.1,597,2030,70.00,05-Jun-2023
ORTEL,BZ,1.2,1.2,1.15,1.2,1.15,408,0.0,5,-,-,05-Jun-2023
ORTINLAB,EQ,19.1,19.65,19.1,19.25,19.4,10880,2.11,251,7182,66.01,05-Jun-2023
OSIAHYPER,EQ,35.45,35.9,33.5,34.3,34.85,265154,92.69,3463,76985,29.03,05-Jun-2023
OSWALAGRO,EQ,32.9,33.45,31.25,31.55,31.65,68833,22.03,520,39706,57.68,05-Jun-2023
OSWALGREEN,EQ,21.75,22.0,21.3,21.55,21.45,112992,24.42,363,92726,82.06,05-Jun-2023
OSWALSEEDS,EQ,418.0,418.0,388.05,392.4,390.55,25487,100.48,615,7999,31.38,05-Jun-2023
PAGEIND,EQ,38750.05,39061.75,38280.0,38875.7,38568.35,48171,18619.15,13366,29233,60.69,05-Jun-2023
PAISALO,EQ,55.85,55.85,53.5,53.7,55.35,308378,166.37,1817,201572,65.37,05-Jun-2023
PALASHSECU,EQ,101.4,103.15,100.05,100.55,101.4,2166,2.19,59,1533,70.78,05-Jun-2023
PALREDTEC,EQ,134.3,139.0,134.0,135.8,134.3,26475,36.33,335,20275,76.58,05-Jun-2023
PANACEABIO,EQ,121.1,125.15,119.25,119.9,120.55,163078,199.69,2173,102820,63.05,05-Jun-2023
PANACHE,EQ,60.5,61.95,60.05,60.5,61.45,6987,4.25,75,6047,86.55,05-Jun-2023
PANAMAPET,EQ,283.0,293.7,283.0,291.75,281.55,145501,421.8,4934,83174,57.16,05-Jun-2023
PANSARI,EQ,88.05,92.75,86.3,90.85,88.45,1635,1.46,30,1572,96.15,05-Jun-2023
PAR,EQ,212.65,218.2,211.7,212.55,209.4,24446,52.42,867,15565,63.67,05-Jun-2023
PARACABLES,EQ,38.6,39.45,37.0,37.8,38.15,639079,245.74,1938,416822,65.22,05-Jun-2023
PARADEEP,EQ,54.45,54.55,53.5,53.8,54.2,832848,450.93,4747,480938,57.75,05-Jun-2023
PARAGMILK,EQ,106.4,106.65,103.75,104.15,105.4,481278,503.34,3976,189398,39.35,05-Jun-2023
PARAS,EQ,544.5,576.3,537.0,570.05,538.4,1829911,10318.08,47065,405751,22.17,05-Jun-2023
PARASPETRO,BE,0.9,0.9,0.85,0.9,0.85,123942,1.08,181,-,-,05-Jun-2023
PARSVNATH,EQ,8.5,9.5,8.3,9.3,8.05,3069682,279.53,4169,1787864,58.24,05-Jun-2023
PARTYCRUS,SM,72.9,72.9,68.0,71.35,69.45,72000,51.03,34,54000,75.00,05-Jun-2023
PASHUPATI,SM,113.0,113.0,113.0,113.0,112.0,1600,1.81,1,1600,100.00,05-Jun-2023
PASUPTAC,EQ,30.5,30.75,30.2,30.5,30.35,38206,11.65,262,27710,72.53,05-Jun-2023
PATANJALI,BE,1031.0,1039.85,1023.0,1029.5,1034.0,268972,2777.92,3333,-,-,05-Jun-2023
PATELENG,BE,26.0,27.1,26.0,27.1,25.85,2227871,601.88,2280,-,-,05-Jun-2023
PATINTLOG,EQ,13.0,13.3,12.6,13.05,12.75,318138,41.55,742,194533,61.15,05-Jun-2023
PATTECH,SM,82.1,82.65,79.5,79.75,82.5,24000,19.61,8,12000,50.00,05-Jun-2023
PAVNAIND,EQ,351.75,351.75,336.1,345.0,335.0,1895,6.55,98,1418,74.83,05-Jun-2023
PAYTM,EQ,724.95,725.0,709.55,714.45,717.0,3886959,27788.81,57222,2272001,58.45,05-Jun-2023
PCBL,EQ,139.95,140.8,136.65,137.2,138.25,1173187,1626.0,11147,587297,50.06,05-Jun-2023
PCJEWELLER,EQ,24.6,24.65,24.1,24.15,24.25,828016,200.44,4238,564926,68.23,05-Jun-2023
PDMJEPAPER,EQ,41.9,42.75,41.8,42.55,41.5,171056,72.46,952,109644,64.10,05-Jun-2023
PDPL,BZ,3.0,3.0,3.0,3.0,2.9,30,0.0,1,-,-,05-Jun-2023
PDSL,EQ,334.9,342.9,331.3,339.9,330.85,110331,372.23,4321,74136,67.19,05-Jun-2023
PEARLPOLY,EQ,22.6,22.9,22.1,22.5,22.0,40818,9.22,343,31253,76.57,05-Jun-2023
PEL,EQ,793.6,796.35,786.75,788.85,785.7,991853,7859.14,31411,446564,45.02,05-Jun-2023
PENIND,EQ,69.6,73.6,69.2,73.05,69.05,1590259,1148.21,10038,786254,49.44,05-Jun-2023
PENINLAND,EQ,21.5,21.5,20.6,21.45,20.5,1963223,420.62,2078,1460958,74.42,05-Jun-2023
PERFECT,SM,16.35,16.85,16.35,16.85,16.75,30000,4.96,5,18000,60.00,05-Jun-2023
PERSISTENT,EQ,5268.0,5276.0,5191.5,5209.45,5226.5,106367,5558.62,10940,28569,26.86,05-Jun-2023
PETRONET,EQ,223.0,224.6,222.05,224.05,222.7,1672398,3739.75,14783,1195162,71.46,05-Jun-2023
PFC,EQ,191.55,197.5,190.45,193.65,190.45,15595565,30291.36,83460,6446172,41.33,05-Jun-2023
PFC,N3,1221.0,1242.55,1210.01,1240.0,1221.0,598,7.41,10,580,96.99,05-Jun-2023
PFC,N5,1148.0,1156.7,1148.0,1148.0,1148.0,117,1.34,4,117,100.00,05-Jun-2023
PFC,N6,1050.0,1050.0,1050.0,1050.0,1054.0,23,0.24,1,23,100.00,05-Jun-2023
PFC,N8,1320.0,1325.0,1316.55,1325.0,1317.19,893,11.79,16,891,99.78,05-Jun-2023
PFIZER,EQ,3881.9,4023.0,3874.9,3984.85,3850.7,46434,1840.88,7174,15453,33.28,05-Jun-2023
PFOCUS,EQ,96.35,108.4,95.5,107.2,95.45,786468,811.85,7200,490201,62.33,05-Jun-2023
PFS,EQ,16.8,17.45,16.7,17.3,16.6,2423150,419.01,3898,1624725,67.05,05-Jun-2023
PGEL,EQ,1662.25,1678.0,1630.0,1643.25,1648.35,24612,408.06,4867,11586,47.07,05-Jun-2023
PGHH,EQ,13730.0,14040.95,13598.3,13994.65,13701.2,8247,1143.49,3186,5158,62.54,05-Jun-2023
PGHL,EQ,5285.0,5325.0,5247.1,5318.9,5282.2,11620,617.53,2794,7845,67.51,05-Jun-2023
PGIL,EQ,529.8,548.0,526.15,539.25,522.85,101563,548.67,3646,42752,42.09,05-Jun-2023
PGINVIT,IV,119.84,119.98,116.5,117.97,119.76,451021,534.8,7103,415192,92.06,05-Jun-2023
PHANTOMFX,SM,347.9,375.9,347.9,358.05,341.9,54600,197.15,90,36600,67.03,05-Jun-2023
PHARMABEES,EQ,13.1,13.14,13.01,13.07,13.03,5715278,749.03,3852,4820153,84.34,05-Jun-2023
PHOENIXLTD,EQ,1502.8,1519.45,1487.5,1513.9,1492.9,309531,4637.21,13527,259978,83.99,05-Jun-2023
PIDILITIND,EQ,2639.0,2651.8,2625.0,2638.55,2632.45,115456,3046.66,13557,59948,51.92,05-Jun-2023
PIGL,EQ,64.75,64.75,64.75,64.75,68.15,41321,26.76,116,36293,87.83,05-Jun-2023
PIIND,EQ,3490.0,3539.0,3485.0,3534.8,3481.7,161528,5684.84,21935,83656,51.79,05-Jun-2023
PILANIINVS,EQ,1838.95,1849.9,1800.0,1828.25,1828.5,3056,55.95,380,2314,75.72,05-Jun-2023
PILITA,EQ,8.4,8.9,8.35,8.75,8.35,432683,37.57,467,367067,84.84,05-Jun-2023
PIONEEREMB,EQ,37.3,38.0,36.8,37.15,37.3,13749,5.14,130,7462,54.27,05-Jun-2023
PITTIENG,EQ,370.0,386.9,363.85,384.65,360.0,537076,2033.36,17641,224119,41.73,05-Jun-2023
PIXTRANS,EQ,1002.7,1002.7,942.0,949.8,995.7,44243,429.66,7330,25165,56.88,05-Jun-2023
PKTEA,BE,246.0,246.1,243.0,245.0,245.5,191,0.47,12,-,-,05-Jun-2023
PLASTIBLEN,EQ,179.5,183.45,179.5,182.4,179.25,15570,28.28,387,9294,59.69,05-Jun-2023
PNB,EQ,52.55,52.8,52.0,52.15,52.3,19034598,9971.05,39305,6527839,34.29,05-Jun-2023
PNBGILTS,EQ,62.85,64.1,62.55,63.2,63.1,272636,172.76,2109,155751,57.13,05-Jun-2023
PNBHOUSING,EQ,539.0,544.4,530.0,535.45,530.4,809407,4346.61,26871,315507,38.98,05-Jun-2023
PNC,EQ,33.5,38.0,33.05,36.8,32.95,195320,70.72,1629,64368,32.96,05-Jun-2023
PNCINFRA,EQ,318.0,322.0,312.75,314.05,316.55,487186,1553.69,8811,333643,68.48,05-Jun-2023
POCL,EQ,397.7,432.5,395.1,422.65,392.7,144041,603.83,8051,50294,34.92,05-Jun-2023
PODDARHOUS,EQ,109.45,111.1,105.0,106.1,109.25,6757,7.35,207,4926,72.90,05-Jun-2023
PODDARMENT,EQ,325.2,327.35,314.4,316.1,322.6,8090,25.6,651,5582,69.00,05-Jun-2023
POKARNA,EQ,364.65,364.65,351.6,356.1,358.1,58019,206.98,1811,40449,69.72,05-Jun-2023
POLICYBZR,EQ,593.05,608.75,589.25,599.85,594.05,2819384,16890.15,36941,2123409,75.31,05-Jun-2023
POLYCAB,EQ,3582.95,3618.0,3558.0,3594.7,3551.75,389947,13999.61,30277,210149,53.89,05-Jun-2023
POLYMED,EQ,969.0,977.9,965.0,968.15,969.7,14330,138.81,2337,7685,53.63,05-Jun-2023
POLYPLEX,EQ,1329.0,1350.0,1318.0,1322.45,1328.45,117212,1561.67,9551,65799,56.14,05-Jun-2023
PONNIERODE,EQ,395.25,403.45,389.2,393.25,392.1,50244,199.42,2064,22034,43.85,05-Jun-2023
POONAWALLA,EQ,349.0,349.75,342.15,343.55,347.05,656758,2268.02,9361,385385,58.68,05-Jun-2023
POWERGRID,EQ,236.45,238.0,234.8,235.6,234.6,20571227,48702.05,56990,17254948,83.88,05-Jun-2023
POWERINDIA,EQ,3932.1,3963.0,3850.0,3874.4,3911.55,16055,629.78,4029,7349,45.77,05-Jun-2023
POWERMECH,EQ,3279.9,3303.1,3220.0,3229.25,3275.35,25518,832.12,4514,12039,47.18,05-Jun-2023
PPAP,EQ,165.0,168.3,164.2,164.95,164.65,12630,20.88,366,9123,72.23,05-Jun-2023
PPL,EQ,169.0,169.0,165.3,165.8,165.85,67700,112.67,1645,35974,53.14,05-Jun-2023
PPLPHARMA,EQ,82.75,90.0,82.15,89.3,81.95,26451783,23014.44,80769,10303350,38.95,05-Jun-2023
PRAENG,EQ,13.7,13.9,12.75,13.3,13.75,72846,9.67,459,47842,65.68,05-Jun-2023
PRAJIND,EQ,386.9,392.0,382.2,384.4,383.9,1277542,4948.23,15421,864396,67.66,05-Jun-2023
PRAKASH,EQ,61.5,63.15,61.5,62.55,61.05,584243,364.02,3193,338786,57.99,05-Jun-2023
PRAKASHSTL,EQ,4.4,4.4,4.35,4.35,4.35,265613,11.59,679,176588,66.48,05-Jun-2023
PRAXIS,EQ,12.9,13.0,12.35,12.6,12.5,176303,22.55,554,131862,74.79,05-Jun-2023
PRECAM,EQ,158.3,172.95,157.2,170.65,157.0,994543,1667.95,16103,332803,33.46,05-Jun-2023
PRECISION,SM,38.5,39.75,38.25,39.7,38.8,14000,5.5,7,12000,85.71,05-Jun-2023
PRECOT,EQ,188.8,188.8,181.2,181.9,185.1,1759,3.26,147,1029,58.50,05-Jun-2023
PRECWIRE,EQ,82.15,82.9,81.0,81.85,81.5,320629,262.24,3538,177389,55.33,05-Jun-2023
PREMEXPLN,EQ,424.0,439.7,423.95,437.55,416.1,11121,48.33,611,7958,71.56,05-Jun-2023
PREMIER,BE,2.15,2.15,2.1,2.15,2.05,2652,0.06,21,-,-,05-Jun-2023
PREMIERPOL,EQ,93.15,95.85,91.25,94.45,91.3,41311,39.1,500,30592,74.05,05-Jun-2023
PRESSMN,EQ,123.95,123.95,116.5,122.25,115.7,291926,352.26,3248,185481,63.54,05-Jun-2023
PRESTIGE,EQ,493.85,520.0,492.2,514.9,490.15,1404144,7168.77,32320,634973,45.22,05-Jun-2023
PRICOLLTD,EQ,250.0,253.0,236.0,237.7,237.4,2995286,7302.09,35276,1116240,37.27,05-Jun-2023
PRIMESECU,EQ,118.0,118.0,115.65,116.55,117.05,13715,15.98,178,10960,79.91,05-Jun-2023
PRINCEPIPE,EQ,642.7,655.0,633.0,636.35,638.5,152701,977.95,6750,59244,38.80,05-Jun-2023
PRITI,EQ,191.9,196.0,173.35,184.25,184.35,128336,239.07,3408,67820,52.85,05-Jun-2023
PRITIKA,SM,33.0,33.25,33.0,33.25,34.45,16000,5.29,4,12000,75.00,05-Jun-2023
PRITIKAUTO,EQ,17.3,17.35,17.15,17.25,17.1,245340,42.42,1195,208562,85.01,05-Jun-2023
PRIVISCL,EQ,1155.0,1159.15,1140.0,1150.9,1149.15,15640,179.62,1661,10961,70.08,05-Jun-2023
PROLIFE,SM,267.0,267.0,253.65,253.65,267.0,9500,24.35,16,7500,78.95,05-Jun-2023
PROPEQUITY,SM,151.1,155.0,150.55,151.25,154.35,13200,20.05,10,10800,81.82,05-Jun-2023
PROV,ST,821.0,862.05,821.0,862.05,771.0,173280,1438.95,1021,173280,100.00,05-Jun-2023
PROZONINTU,EQ,23.8,24.5,23.65,23.9,23.65,513719,123.37,1539,315413,61.40,05-Jun-2023
PRSMJOHNSN,EQ,124.45,124.5,122.2,122.55,123.1,112466,138.37,3432,70436,62.63,05-Jun-2023
PRUDENT,EQ,950.0,952.65,918.7,921.35,945.55,23737,220.67,3259,15108,63.65,05-Jun-2023
PSB,EQ,33.25,33.45,32.5,32.7,33.2,1479321,487.41,3964,457975,30.96,05-Jun-2023
PSPPROJECT,EQ,730.0,774.5,727.65,767.25,723.85,356665,2715.49,17764,137437,38.53,05-Jun-2023
PSUBANKICI,EQ,41.2,41.3,40.99,41.04,41.13,6269,2.58,73,4051,64.62,05-Jun-2023
PSUBNKBEES,EQ,45.5,45.8,45.22,45.31,45.46,798411,363.39,3946,473635,59.32,05-Jun-2023
PTC,EQ,103.5,103.9,101.8,102.45,101.8,1410744,1451.91,10654,833242,59.06,05-Jun-2023
PTL,EQ,32.7,32.7,32.3,32.35,32.4,42819,13.9,410,31040,72.49,05-Jun-2023
PULZ,SM,79.25,81.45,79.0,81.0,79.25,18000,14.42,6,18000,100.00,05-Jun-2023
PUNJABCHEM,EQ,785.0,797.0,768.2,790.45,787.9,14390,113.28,918,9091,63.18,05-Jun-2023
PURVA,EQ,86.05,87.55,85.9,87.1,85.85,175835,152.5,2257,90519,51.48,05-Jun-2023
PVP,EQ,12.6,12.8,11.85,12.75,12.2,873435,108.85,1136,450027,51.52,05-Jun-2023
PVRINOX,EQ,1408.05,1443.5,1408.05,1430.7,1399.9,907532,12993.86,39512,450518,49.64,05-Jun-2023
QFIL,SM,109.95,112.9,109.95,112.9,111.15,12000,13.32,6,8000,66.67,05-Jun-2023
QGOLDHALF,EQ,50.84,50.84,50.22,50.53,51.1,33990,17.18,229,26075,76.71,05-Jun-2023
QMSMEDI,SM,130.0,130.0,124.0,126.8,129.0,32000,40.28,29,26000,81.25,05-Jun-2023
QNIFTY,EQ,1975.0,1984.0,1975.0,1975.51,1970.89,1522,30.07,42,1416,93.04,05-Jun-2023
QUADPRO,SM,6.2,6.2,6.15,6.15,6.15,48000,2.96,4,36000,75.00,05-Jun-2023
QUESS,EQ,418.0,434.5,416.05,429.1,415.1,790947,3385.46,20147,297036,37.55,05-Jun-2023
QUICKHEAL,EQ,145.55,148.4,144.75,147.3,144.8,90948,133.5,2014,53965,59.34,05-Jun-2023
QUICKTOUCH,SM,123.55,124.0,122.5,122.5,128.95,78000,95.83,36,52000,66.67,05-Jun-2023
QUINTEGRA,BE,1.05,1.05,0.95,0.95,1.0,8953,0.09,14,-,-,05-Jun-2023
RACE,EQ,241.45,285.65,236.4,280.55,238.05,165671,451.7,3036,90160,54.42,05-Jun-2023
RADAAN,BE,1.65,1.65,1.6,1.6,1.65,21611,0.35,15,-,-,05-Jun-2023
RADHIKAJWE,EQ,36.45,36.5,35.3,35.45,35.9,108051,38.61,663,77492,71.72,05-Jun-2023
RADIANTCMS,EQ,94.55,94.6,91.8,92.35,93.35,225300,209.77,1874,143120,63.52,05-Jun-2023
RADICO,EQ,1203.8,1216.8,1190.0,1211.15,1197.6,156579,1884.28,8314,63952,40.84,05-Jun-2023
RADIOCITY,EQ,11.3,11.4,11.15,11.2,11.25,234895,26.5,472,115938,49.36,05-Jun-2023
RADIOCITY,P1,88.8,89.85,88.8,88.95,89.0,22853,20.37,59,22853,100.00,05-Jun-2023
RAILTEL,EQ,117.8,118.75,117.3,118.0,117.95,677335,799.71,5779,299941,44.28,05-Jun-2023
RAIN,EQ,156.75,161.75,156.6,160.65,155.15,4699334,7494.58,33555,1401716,29.83,05-Jun-2023
RAINBOW,EQ,941.9,941.9,922.15,926.4,932.55,128807,1198.73,9994,79925,62.05,05-Jun-2023
RAJESHEXPO,EQ,581.8,617.25,580.0,604.05,578.9,1176404,7094.0,34112,278392,23.66,05-Jun-2023
RAJMET,EQ,9.65,9.65,8.65,9.35,9.4,268884,25.07,840,162254,60.34,05-Jun-2023
RAJRATAN,EQ,775.0,777.95,765.3,767.8,769.6,45173,348.57,3779,33998,75.26,05-Jun-2023
RAJRILTD,BE,55.8,55.8,55.8,55.8,54.75,1407,0.79,49,-,-,05-Jun-2023
RAJSREESUG,EQ,38.0,38.4,37.25,37.45,37.6,64785,24.46,2206,40093,61.89,05-Jun-2023
RAJTV,EQ,46.9,50.1,46.85,49.05,46.8,13925,6.83,396,9503,68.24,05-Jun-2023
RALLIS,EQ,191.7,193.3,191.05,191.85,190.95,384856,739.73,4662,259910,67.53,05-Jun-2023
RAMANEWS,EQ,13.2,13.3,12.95,13.05,12.95,25800,3.38,127,13610,52.75,05-Jun-2023
RAMAPHO,EQ,181.85,204.75,180.35,198.1,181.9,78318,152.15,2759,32549,41.56,05-Jun-2023
RAMASTEEL,EQ,41.3,43.3,41.2,42.0,41.05,5131441,2163.57,22695,1927113,37.56,05-Jun-2023
RAMCOCEM,EQ,915.55,921.95,907.15,911.75,914.95,150261,1376.05,8132,48096,32.01,05-Jun-2023
RAMCOIND,EQ,160.3,163.0,158.25,160.2,159.9,141705,227.54,3507,80194,56.59,05-Jun-2023
RAMCOSYS,EQ,227.5,235.0,223.8,225.7,223.0,225169,516.97,9228,82598,36.68,05-Jun-2023
RAMKY,EQ,393.0,394.1,384.0,385.4,387.0,76227,296.45,3127,51322,67.33,05-Jun-2023
RAMRAT,EQ,224.0,229.0,219.9,225.6,216.7,130699,295.89,5290,76431,58.48,05-Jun-2023
RANASUG,EQ,23.2,23.6,22.95,23.0,23.05,906219,210.68,1677,479817,52.95,05-Jun-2023
RANEENGINE,BE,294.8,294.8,284.0,284.15,282.1,5870,16.78,127,-,-,05-Jun-2023
RANEHOLDIN,EQ,965.2,965.2,940.0,941.7,946.65,12735,120.5,944,8845,69.45,05-Jun-2023
RATEGAIN,EQ,385.5,398.0,384.85,395.7,384.1,997329,3916.73,25149,362549,36.35,05-Jun-2023
RATNAMANI,EQ,2315.05,2339.9,2308.25,2317.55,2300.8,32857,762.57,3163,23899,72.74,05-Jun-2023
RAYMOND,EQ,1576.0,1594.0,1575.2,1584.3,1575.6,115577,1831.76,8624,62487,54.07,05-Jun-2023
RBA,EQ,110.0,110.75,108.05,110.4,109.25,1527952,1675.85,7530,811081,53.08,05-Jun-2023
RBL,EQ,730.15,758.95,730.15,754.1,728.95,18560,139.18,1809,12056,64.96,05-Jun-2023
RBLBANK,EQ,170.0,175.15,168.55,173.2,169.15,10269611,17712.82,42892,2121039,20.65,05-Jun-2023
RBMINFRA,SM,62.3,65.0,62.1,62.1,65.0,48000,30.44,16,30000,62.50,05-Jun-2023
RCF,EQ,103.55,106.5,103.4,105.65,103.0,4271499,4506.89,17553,1838656,43.04,05-Jun-2023
RCOM,BE,1.3,1.3,1.3,1.3,1.25,2184735,28.4,1304,-,-,05-Jun-2023
RECLTD,EQ,145.0,147.2,144.65,145.25,144.25,10772251,15737.77,61312,5179492,48.08,05-Jun-2023
RECLTD,N2,1107.0,1107.0,1107.0,1107.0,1111.0,38,0.42,1,38,100.00,05-Jun-2023
RECLTD,N5,1057.85,1057.85,1022.1,1022.1,1040.0,2,0.02,2,1,50.00,05-Jun-2023
RECLTD,N8,1051.8,1051.8,1049.0,1049.1,1050.0,27,0.28,3,27,100.00,05-Jun-2023
RECLTD,NE,1040.0,1062.54,1040.0,1062.54,1054.0,36,0.38,2,36,100.00,05-Jun-2023
RECLTD,NF,1192.0,1192.0,1192.0,1192.0,1210.0,300,3.58,1,300,100.00,05-Jun-2023
RECLTD,NH,1200.0,1200.0,1200.0,1200.0,1200.0,5,0.06,1,5,100.00,05-Jun-2023
REDINGTON,EQ,185.5,185.9,180.0,180.5,184.3,1226012,2238.02,13557,669043,54.57,05-Jun-2023
REFEX,EQ,526.2,538.55,502.0,507.8,526.15,187985,975.18,6929,105464,56.10,05-Jun-2023
REGENCERAM,BE,25.9,26.2,24.7,25.1,25.25,5967,1.49,31,-,-,05-Jun-2023
RELAXO,EQ,901.45,925.0,901.45,917.65,900.85,197850,1815.75,12741,96842,48.95,05-Jun-2023
RELCAPITAL,BE,9.05,9.1,8.8,8.85,9.05,291411,26.08,1077,-,-,05-Jun-2023
RELCHEMQ,EQ,181.85,181.85,173.05,174.85,175.65,2498,4.39,240,1353,54.16,05-Jun-2023
RELIANCE,EQ,2467.2,2483.75,2458.45,2477.25,2455.2,5034355,124355.36,161758,3413545,67.81,05-Jun-2023
RELIGARE,EQ,166.1,167.5,163.5,164.2,166.25,633707,1049.87,5440,431873,68.15,05-Jun-2023
RELINFRA,EQ,135.8,136.45,132.2,132.8,134.6,1402403,1881.18,8783,676068,48.21,05-Jun-2023
REMSONSIND,EQ,240.95,248.8,239.1,245.85,238.65,5888,14.43,331,4074,69.19,05-Jun-2023
REMUS,ST,2293.0,2293.0,2293.0,2293.0,2183.85,2300,52.74,20,2300,100.00,05-Jun-2023
RENUKA,EQ,42.25,43.65,42.05,42.25,41.6,14774136,6331.81,28750,6447262,43.64,05-Jun-2023
REPCOHOME,EQ,270.0,280.35,269.15,276.25,268.0,812188,2243.52,15998,327858,40.37,05-Jun-2023
REPL,EQ,179.65,181.0,174.1,175.25,177.05,17763,31.57,491,10921,61.48,05-Jun-2023
REPRO,EQ,629.0,630.0,585.5,589.2,619.7,40586,243.39,2378,25431,62.66,05-Jun-2023
RESPONIND,EQ,157.25,162.3,155.35,156.4,155.25,237021,373.87,2638,20370,8.59,05-Jun-2023
REVATHI,EQ,1699.45,1768.75,1699.45,1759.25,1693.2,12486,217.24,1655,8074,64.66,05-Jun-2023
REXPIPES,SM,47.0,47.0,42.6,44.65,44.8,56000,25.37,14,48000,85.71,05-Jun-2023
RGL,EQ,89.45,90.3,88.1,89.6,87.2,72421,64.36,797,19740,27.26,05-Jun-2023
RHFL,EQ,3.2,3.2,3.2,3.2,3.05,641589,20.53,319,641589,100.00,05-Jun-2023
RHIM,EQ,663.25,671.1,651.25,656.4,661.9,177691,1179.13,14429,100723,56.68,05-Jun-2023
RHL,EQ,94.0,97.0,91.75,95.35,91.1,16236,15.46,244,8688,53.51,05-Jun-2023
RICOAUTO,EQ,83.9,89.4,83.05,88.55,82.45,4991084,4333.09,23422,2142092,42.92,05-Jun-2023
RIIL,EQ,947.3,953.4,933.1,936.7,945.45,322427,3039.91,10911,94131,29.19,05-Jun-2023
RILINFRA,SM,247.2,247.2,247.2,247.2,260.2,300,0.74,3,300,100.00,05-Jun-2023
RITCO,EQ,174.8,175.05,173.95,174.0,174.65,9476,16.57,111,6358,67.10,05-Jun-2023
RITES,EQ,376.5,376.55,370.5,371.65,374.7,244514,912.33,6614,134307,54.93,05-Jun-2023
RITEZONE,SM,79.8,80.85,79.8,80.05,79.0,9600,7.69,4,9600,100.00,05-Jun-2023
RKDL,BE,14.1,14.1,14.1,14.1,14.85,33499,4.72,91,-,-,05-Jun-2023
RKEC,EQ,56.5,57.0,55.2,55.4,55.3,68792,38.37,395,46534,67.64,05-Jun-2023
RKFORGE,EQ,380.95,386.0,371.5,372.75,377.7,364413,1375.97,8753,161457,44.31,05-Jun-2023
RMCL,BZ,2.5,2.5,2.5,2.5,2.6,538,0.01,1,-,-,05-Jun-2023
RMDRIP,SM,51.15,51.15,49.0,49.05,51.15,8000,3.97,4,6000,75.00,05-Jun-2023
RML,EQ,609.45,624.9,591.1,593.1,609.45,68344,416.34,6323,30780,45.04,05-Jun-2023
RNAVAL,BZ,2.2,2.25,2.15,2.25,2.15,577516,12.79,451,-,-,05-Jun-2023
ROHLTD,EQ,347.9,347.9,331.0,333.05,342.1,238551,806.62,7216,118712,49.76,05-Jun-2023
ROLEXRINGS,EQ,1960.0,1992.8,1959.95,1974.65,1958.2,24426,482.9,3426,13235,54.18,05-Jun-2023
ROLLT,EQ,1.1,1.1,1.0,1.05,1.1,235752,2.5,184,184588,78.30,05-Jun-2023
ROLTA,BZ,1.65,1.65,1.65,1.65,1.6,71123,1.17,61,-,-,05-Jun-2023
ROML,EQ,40.5,40.5,39.4,40.5,38.6,5800,2.35,54,4154,71.62,05-Jun-2023
ROSSARI,EQ,774.0,819.9,770.0,805.25,760.75,1887061,15272.46,51902,197587,10.47,05-Jun-2023
ROSSELLIND,EQ,309.95,310.05,299.5,302.4,308.4,120466,366.58,4828,58094,48.22,05-Jun-2023
ROTO,EQ,695.1,708.0,680.2,685.55,694.2,84933,591.9,8283,47077,55.43,05-Jun-2023
ROUTE,EQ,1506.5,1519.0,1477.75,1494.05,1498.1,145802,2185.73,10910,56651,38.85,05-Jun-2023
RPGLIFE,EQ,797.0,807.2,789.0,797.1,791.55,29842,237.98,2777,17177,57.56,05-Jun-2023
RPOWER,EQ,13.25,13.35,13.0,13.1,13.15,39998339,5267.31,24137,12731511,31.83,05-Jun-2023
RPPINFRA,EQ,52.5,58.6,52.5,57.3,51.95,1660379,939.53,12505,813061,48.97,05-Jun-2023
RPPL,EQ,169.2,169.2,165.25,167.05,166.3,10250,17.17,292,5059,49.36,05-Jun-2023
RPSGVENT,EQ,467.55,467.55,456.0,460.1,460.65,23653,108.89,3019,13602,57.51,05-Jun-2023
RSSOFTWARE,BE,34.2,34.9,34.0,34.3,34.2,24442,8.35,107,-,-,05-Jun-2023
RSWM,EQ,188.9,192.0,187.35,190.6,186.35,156893,298.5,4161,98849,63.00,05-Jun-2023
RSYSTEMS,EQ,334.0,355.7,333.1,344.85,333.1,1110760,3830.55,23179,472199,42.51,05-Jun-2023
RTNINDIA,EQ,38.7,38.9,38.0,38.15,37.95,967465,370.65,3892,461838,47.74,05-Jun-2023
RTNPOWER,EQ,3.45,3.55,3.45,3.45,3.45,4594529,160.03,3496,2803250,61.01,05-Jun-2023
RUBYMILLS,EQ,190.6,200.0,182.05,191.15,190.55,48958,93.55,1582,17302,35.34,05-Jun-2023
RUCHINFRA,BE,8.45,8.65,8.35,8.4,8.4,116376,9.87,324,-,-,05-Jun-2023
RUCHIRA,EQ,113.95,117.0,113.5,114.95,113.15,148716,171.71,2247,98961,66.54,05-Jun-2023
RUPA,EQ,262.1,265.55,261.0,261.7,260.1,105202,276.61,3321,52618,50.02,05-Jun-2023
RUSHIL,EQ,302.0,304.9,292.35,295.25,301.2,151587,455.26,4570,73842,48.71,05-Jun-2023
RUSTOMJEE,EQ,532.0,532.0,517.95,525.05,525.15,14900,78.2,885,10457,70.18,05-Jun-2023
RVHL,EQ,23.8,26.95,23.8,25.95,24.45,79229,20.9,422,39000,49.22,05-Jun-2023
RVNL,EQ,116.1,119.1,116.1,116.95,117.95,11124037,13071.02,49031,4296950,38.63,05-Jun-2023
S&SPOWER,BE,29.65,29.65,29.65,29.65,28.25,219,0.06,5,-,-,05-Jun-2023
SABTN,BE,1.5,1.55,1.45,1.5,1.5,10602,0.16,13,-,-,05-Jun-2023
SADBHAV,EQ,11.15,11.6,11.1,11.6,11.05,220227,25.43,281,159694,72.51,05-Jun-2023
SADBHIN,EQ,3.8,3.9,3.75,3.9,3.75,445920,17.21,211,381208,85.49,05-Jun-2023
SADHNANIQ,EQ,138.7,138.7,133.25,134.1,136.65,96414,130.36,2400,52641,54.60,05-Jun-2023
SAFARI,EQ,2792.4,2840.05,2766.6,2802.4,2753.85,30074,838.53,3057,26564,88.33,05-Jun-2023
SAGARDEEP,EQ,21.8,22.3,20.3,21.15,21.0,26836,5.67,254,12397,46.20,05-Jun-2023
SAGCEM,EQ,211.95,217.0,209.1,213.7,209.6,175477,375.05,6776,121423,69.20,05-Jun-2023
SAH,EQ,86.3,90.0,86.3,88.85,87.95,124735,110.79,884,74756,59.93,05-Jun-2023
SAHYADRI,EQ,346.6,351.45,339.6,340.6,342.9,3165,10.89,293,1654,52.26,05-Jun-2023
SAIL,EQ,83.9,84.2,83.1,83.7,83.6,11749146,9821.63,26963,6060663,51.58,05-Jun-2023
SAKAR,EQ,277.4,279.15,270.5,271.95,276.4,22102,60.67,1041,12868,58.22,05-Jun-2023
SAKHTISUG,EQ,24.25,24.55,24.05,24.1,24.05,312092,75.72,985,176440,56.53,05-Jun-2023
SAKSOFT,EQ,266.4,269.4,263.15,269.4,256.6,221670,592.16,1936,178882,80.70,05-Jun-2023
SAKUMA,EQ,14.15,15.0,14.1,14.85,13.9,924356,135.0,2325,572984,61.99,05-Jun-2023
SALASAR,EQ,43.7,43.95,42.15,42.65,43.35,1139316,489.37,3184,810389,71.13,05-Jun-2023
SALONA,EQ,243.45,249.4,243.0,243.3,243.45,2597,6.38,302,1557,59.95,05-Jun-2023
SALSTEEL,EQ,15.8,16.05,15.7,15.75,15.8,77401,12.25,519,47696,61.62,05-Jun-2023
SALZERELEC,EQ,362.7,366.7,352.9,353.7,360.2,177282,633.07,5949,92371,52.10,05-Jun-2023
SAMBHAAV,EQ,2.8,2.8,2.7,2.7,2.7,15147,0.41,63,10713,70.73,05-Jun-2023
SANCO,BZ,8.0,8.0,8.0,8.0,8.4,1500,0.12,3,-,-,05-Jun-2023
SANDESH,EQ,925.2,933.0,907.25,915.1,919.65,1710,15.74,265,1069,62.51,05-Jun-2023
SANDHAR,EQ,284.95,293.0,282.95,285.25,282.6,520739,1504.0,9393,294341,56.52,05-Jun-2023
SANGAMIND,EQ,233.0,241.0,231.25,240.35,232.25,17773,42.19,657,12290,69.15,05-Jun-2023
SANGHIIND,EQ,67.65,68.75,67.65,68.35,67.05,252161,172.08,944,183744,72.87,05-Jun-2023
SANGHVIMOV,EQ,462.0,472.0,458.0,461.4,456.75,344834,1606.68,11206,186663,54.13,05-Jun-2023
SANGINITA,EQ,18.0,18.05,17.6,17.6,17.9,23321,4.14,163,19078,81.81,05-Jun-2023
SANOFI,EQ,7044.0,7195.85,7024.55,7160.1,7007.0,42539,3041.74,9326,19835,46.63,05-Jun-2023
SANSERA,EQ,830.0,835.0,812.75,827.85,824.65,170890,1403.19,7980,128205,75.02,05-Jun-2023
SANWARIA,BZ,0.45,0.45,0.45,0.45,0.4,442057,1.99,104,-,-,05-Jun-2023
SAPPHIRE,EQ,1439.0,1449.75,1423.65,1442.85,1431.45,42256,606.46,7811,25016,59.20,05-Jun-2023
SARDAEN,EQ,1185.0,1208.5,1180.0,1201.3,1180.55,31817,381.79,3571,19231,60.44,05-Jun-2023
SAREGAMA,EQ,315.5,319.75,313.0,313.6,314.35,227593,715.85,3845,154248,67.77,05-Jun-2023
SARLAPOLY,EQ,40.4,40.95,39.85,40.05,39.6,85906,34.78,814,55059,64.09,05-Jun-2023
SARVESHWAR,EQ,74.45,75.9,74.45,75.4,73.45,10602,7.99,176,6511,61.41,05-Jun-2023
SASKEN,EQ,885.05,906.25,872.35,883.25,878.85,20416,181.92,1570,12372,60.60,05-Jun-2023
SASTASUNDR,EQ,292.0,294.45,285.0,287.4,288.65,25651,74.39,1322,15654,61.03,05-Jun-2023
SATIA,EQ,111.6,112.3,108.8,109.7,111.2,225088,248.04,3626,143416,63.72,05-Jun-2023
SATIN,EQ,180.75,185.65,178.0,179.9,179.05,399018,726.18,8112,210346,52.72,05-Jun-2023
SATINDLTD,EQ,73.45,74.4,71.2,72.0,72.9,341713,248.63,2234,223886,65.52,05-Jun-2023
SBC,EQ,20.55,21.2,20.55,20.95,20.9,956820,200.24,1672,393112,41.09,05-Jun-2023
SBCL,EQ,543.0,571.65,541.15,558.85,535.55,380788,2137.09,18917,154793,40.65,05-Jun-2023
SBGLP,EQ,220.0,220.0,209.0,213.65,218.0,26432,56.68,863,11848,44.82,05-Jun-2023
SBICARD,EQ,920.0,925.0,912.15,919.8,914.4,946814,8679.88,33910,691050,72.99,05-Jun-2023
SBIETFCON,EQ,81.39,82.0,81.39,81.61,81.39,2354,1.92,82,1181,50.17,05-Jun-2023
SBIETFIT,EQ,307.87,308.19,305.0,305.14,306.41,9508,29.14,196,6175,64.95,05-Jun-2023
SBIETFPB,EQ,229.8,229.8,225.86,225.97,225.28,2988,6.76,51,2394,80.12,05-Jun-2023
SBIETFQLTY,EQ,162.44,162.44,161.11,161.52,161.86,1695,2.74,76,1212,71.50,05-Jun-2023
SBILIFE,EQ,1208.0,1219.0,1205.0,1215.4,1202.5,1599077,19369.22,39854,1209878,75.66,05-Jun-2023
SBIN,EQ,588.5,589.8,586.0,587.2,587.2,12920507,75954.74,143514,6913408,53.51,05-Jun-2023
SCAPDVR,EQ,16.55,17.15,16.5,16.85,16.95,976537,165.33,615,630528,64.57,05-Jun-2023
SCHAEFFLER,EQ,3044.95,3047.0,2986.15,3006.65,3001.4,99040,2975.28,9957,71122,71.81,05-Jun-2023
SCHAND,EQ,204.5,211.85,201.95,204.25,196.15,570086,1182.58,12774,162034,28.42,05-Jun-2023
SCHNEIDER,EQ,253.3,255.2,250.15,253.05,251.75,457770,1158.7,7492,309600,67.63,05-Jun-2023
SCI,EQ,96.7,104.6,96.7,103.3,96.6,6628777,6762.03,28674,1924894,29.04,05-Jun-2023
SCPL,EQ,439.55,443.6,430.15,435.55,429.55,44322,193.56,4137,10679,24.09,05-Jun-2023
SDBL,EQ,233.85,267.95,230.1,253.5,231.05,1383684,3443.75,25321,577702,41.75,05-Jun-2023
SDL24BEES,EQ,113.8,113.84,113.74,113.83,113.6,9103,10.36,24,9102,99.99,05-Jun-2023
SDL26BEES,EQ,113.65,113.75,113.55,113.55,113.65,241,0.27,30,216,89.63,05-Jun-2023
SEAMECLTD,EQ,659.25,705.95,659.0,671.8,656.0,32788,224.43,3389,10100,30.80,05-Jun-2023
SECURCRED,EQ,24.6,25.45,24.4,24.5,24.6,433105,107.08,1805,364533,84.17,05-Jun-2023
SECURKLOUD,EQ,35.05,35.8,34.25,34.85,35.35,31201,10.92,456,16649,53.36,05-Jun-2023
SEJALLTD,BE,253.95,255.0,246.0,255.0,254.0,2528,6.34,48,-,-,05-Jun-2023
SELAN,EQ,270.0,274.45,263.25,267.05,267.65,54870,147.45,2022,27865,50.78,05-Jun-2023
SELMC,BE,137.7,137.75,133.05,137.55,135.05,14601,20.01,339,-,-,05-Jun-2023
SEPC,EQ,7.75,8.1,7.5,8.05,7.75,14001327,1109.49,3842,8896758,63.54,05-Jun-2023
SEPOWER,EQ,14.1,14.25,13.65,13.85,13.55,21917,3.04,159,15822,72.19,05-Jun-2023
SEQUENT,EQ,74.15,74.7,73.5,73.9,73.7,534486,395.41,5868,231231,43.26,05-Jun-2023
SERVOTECH,EQ,124.3,124.3,124.3,124.3,118.4,193728,240.8,439,193724,100.00,05-Jun-2023
SESHAPAPER,EQ,283.6,285.9,281.8,283.7,280.7,130571,370.65,3412,82088,62.87,05-Jun-2023
SETCO,EQ,6.75,7.05,6.75,7.05,6.75,317701,22.22,590,191652,60.32,05-Jun-2023
SETF10GILT,EQ,216.76,217.61,216.76,217.6,217.28,30000,65.22,38,29761,99.20,05-Jun-2023
SETFGOLD,EQ,52.73,52.88,52.19,52.61,52.99,793412,415.71,3819,674475,85.01,05-Jun-2023
SETFNIF50,EQ,193.34,193.7,193.01,193.17,192.64,594533,1149.03,2499,557290,93.74,05-Jun-2023
SETFNIFBK,EQ,446.0,447.0,445.31,445.52,444.04,11520,51.42,459,7605,66.02,05-Jun-2023
SETFNN50,EQ,443.67,446.9,443.07,443.84,443.63,17308,76.92,586,7570,43.74,05-Jun-2023
SETUINFRA,BE,0.75,0.8,0.75,0.8,0.75,164482,1.31,73,-,-,05-Jun-2023
SEYAIND,BE,25.1,25.1,25.1,25.1,25.6,1383,0.35,25,-,-,05-Jun-2023
SFL,EQ,1025.0,1029.95,1011.0,1017.7,1016.2,14146,144.17,3095,9551,67.52,05-Jun-2023
SGBAPR28I,GB,5930.0,5985.0,5930.0,5948.76,5944.0,403,23.99,44,318,78.91,05-Jun-2023
SGBAUG24,GB,5950.66,5989.0,5950.0,5989.0,5997.66,427,25.47,91,290,67.92,05-Jun-2023
SGBAUG27,GB,5861.05,5950.0,5861.05,5950.0,5915.0,8,0.47,6,6,75.00,05-Jun-2023
SGBAUG28V,GB,6006.07,6027.98,5950.0,5989.77,6006.07,3400,203.2,261,2411,70.91,05-Jun-2023
SGBAUG29V,GB,5954.75,5999.0,5900.0,5992.98,5954.75,359,21.4,45,293,81.62,05-Jun-2023
SGBAUG30,GB,6159.98,6159.98,5867.0,6016.04,6103.28,352,21.14,99,248,70.45,05-Jun-2023
SGBD29VIII,GB,5913.5,5965.0,5913.0,5954.56,5967.81,344,20.46,53,289,84.01,05-Jun-2023
SGBDC27VII,GB,5939.37,5967.99,5939.37,5965.0,5939.37,15,0.89,10,14,93.33,05-Jun-2023
SGBDE30III,GB,6070.0,6100.0,6040.01,6093.39,6081.66,676,41.12,89,453,67.01,05-Jun-2023
SGBDEC25,GB,6097.0,6097.0,6097.0,6097.0,6000.0,1,0.06,1,1,100.00,05-Jun-2023
SGBDEC26,GB,5902.05,5905.05,5902.05,5905.05,5902.05,36,2.12,4,36,100.00,05-Jun-2023
SGBFEB24,GB,5986.0,5999.9,5955.0,5959.0,5986.0,26,1.55,19,23,88.46,05-Jun-2023
SGBFEB27,GB,5950.0,5950.0,5950.0,5950.0,6030.0,4,0.24,1,4,100.00,05-Jun-2023
SGBFEB28IX,GB,5930.0,5949.0,5930.0,5940.0,5930.0,17,1.01,6,17,100.00,05-Jun-2023
SGBFEB29XI,GB,5925.0,5969.0,5925.0,5933.0,5933.66,121,7.18,24,121,100.00,05-Jun-2023
SGBJ28VIII,GB,5930.0,5930.0,5908.01,5910.0,5947.0,21,1.24,6,21,100.00,05-Jun-2023
SGBJAN26,GB,6010.0,6025.0,6010.0,6025.0,6000.0,12,0.72,3,12,100.00,05-Jun-2023
SGBJAN29IX,GB,5946.0,5950.0,5891.01,5939.21,5946.6,970,57.57,92,625,64.43,05-Jun-2023
SGBJAN29X,GB,5925.0,5950.0,5921.0,5948.0,5950.0,243,14.42,37,207,85.19,05-Jun-2023
SGBJAN30IX,GB,5960.0,5960.0,5915.0,5940.04,5953.5,276,16.39,46,222,80.43,05-Jun-2023
SGBJU29III,GB,5952.0,5960.0,5942.21,5950.0,5959.81,242,14.4,31,201,83.06,05-Jun-2023
SGBJUL27,GB,5930.0,5930.0,5925.0,5926.42,5902.25,38,2.25,8,38,100.00,05-Jun-2023
SGBJUL28IV,GB,5888.0,5944.99,5888.0,5940.11,5946.99,403,23.86,41,270,67.00,05-Jun-2023
SGBJUL29IV,GB,5903.0,5939.0,5903.0,5920.11,5944.85,339,20.07,23,326,96.17,05-Jun-2023
SGBJUN27,GB,5901.26,5903.25,5901.26,5903.18,5910.0,5,0.3,3,5,100.00,05-Jun-2023
SGBJUN28,GB,5900.0,5950.0,5900.0,5932.05,5950.0,100,5.94,21,91,91.00,05-Jun-2023
SGBJUN29II,GB,5908.0,5909.0,5876.0,5896.47,5915.21,763,44.94,104,619,81.13,05-Jun-2023
SGBJUN30,GB,5983.27,6040.0,5921.03,5953.94,5983.27,312,18.57,52,229,73.40,05-Jun-2023
SGBMAR24,GB,6000.0,6000.0,5911.01,5916.95,5989.0,123,7.28,21,86,69.92,05-Jun-2023
SGBMAR25,GB,5900.05,5931.0,5892.1,5913.19,5932.1,814,48.16,53,763,93.73,05-Jun-2023
SGBMAR28X,GB,5904.88,5910.0,5900.0,5900.0,5932.0,328,19.36,29,325,99.09,05-Jun-2023
SGBMAR30X,GB,5995.0,6000.0,5912.05,5988.0,6000.0,75,4.49,20,43,57.33,05-Jun-2023
SGBMAR31IV,GB,6099.5,6099.5,5921.0,6059.76,6064.77,384,23.24,79,282,73.44,05-Jun-2023
SGBMAY25,GB,5915.05,5978.89,5910.0,5927.0,5950.0,32,1.9,14,22,68.75,05-Jun-2023
SGBMAY26,GB,5950.0,5950.0,5892.0,5892.02,5950.0,12,0.71,5,9,75.00,05-Jun-2023
SGBMAY28,GB,5915.28,5920.0,5903.0,5909.68,5936.9,112,6.62,32,111,99.11,05-Jun-2023
SGBMAY29I,GB,5908.38,5925.0,5892.01,5902.13,5919.73,926,54.72,166,852,92.01,05-Jun-2023
SGBMR29XII,GB,5914.0,5920.0,5882.05,5919.78,5921.32,620,36.63,83,421,67.90,05-Jun-2023
SGBN28VIII,GB,5919.37,5920.0,5883.0,5919.99,5919.37,370,21.88,84,367,99.19,05-Jun-2023
SGBNOV23,GB,6025.0,6026.0,6025.0,6026.0,6025.0,21,1.27,9,21,100.00,05-Jun-2023
SGBNOV24,GB,5945.0,5945.0,5900.0,5909.76,5934.14,353,20.85,39,251,71.10,05-Jun-2023
SGBNOV258,GB,5950.0,5950.0,5950.0,5950.0,5950.0,1,0.06,1,1,100.00,05-Jun-2023
SGBNV29VII,GB,5919.95,5919.95,5845.0,5907.99,5919.95,701,41.27,77,458,65.34,05-Jun-2023
SGBOC28VII,GB,5879.0,5982.99,5879.0,5952.08,5938.0,81,4.81,20,54,66.67,05-Jun-2023
SGBOCT25,GB,5906.0,6038.3,5905.05,5950.09,5905.05,22,1.31,8,21,95.45,05-Jun-2023
SGBOCT25V,GB,5905.55,5905.55,5905.05,5905.05,5905.05,7,0.41,3,7,100.00,05-Jun-2023
SGBOCT27,GB,5875.0,5907.0,5875.0,5905.0,5899.0,15,0.89,6,15,100.00,05-Jun-2023
SGBOCT27VI,GB,5910.0,5975.0,5900.0,5905.0,5910.0,24,1.42,24,24,100.00,05-Jun-2023
SGBSEP24,GB,5931.01,5946.0,5923.0,5944.0,5931.01,33,1.96,13,23,69.70,05-Jun-2023
SGBSEP27,GB,5950.0,5977.0,5855.41,5977.0,5940.0,9,0.53,3,7,77.78,05-Jun-2023
SGBSEP28VI,GB,5891.0,5950.0,5891.0,5935.0,5950.94,108,6.4,43,102,94.44,05-Jun-2023
SGBSEP29VI,GB,5922.62,5922.62,5871.05,5914.13,5922.62,480,28.36,52,257,53.54,05-Jun-2023
SGIL,EQ,161.0,162.0,153.55,155.95,157.5,56658,89.09,1033,40794,72.00,05-Jun-2023
SGL,EQ,14.05,14.1,13.55,13.6,14.05,51035,7.02,213,41019,80.37,05-Jun-2023
SHAHALLOYS,EQ,44.85,44.85,42.45,43.0,43.3,32120,13.93,384,23270,72.45,05-Jun-2023
SHAILY,EQ,1296.0,1327.9,1278.0,1285.9,1288.9,4717,61.08,760,3353,71.08,05-Jun-2023
SHAKTIPUMP,EQ,551.8,564.55,548.0,550.2,547.4,107284,593.93,12176,36000,33.56,05-Jun-2023
SHALBY,EQ,145.1,149.4,143.3,144.7,144.35,217791,319.15,2573,105035,48.23,05-Jun-2023
SHALPAINTS,EQ,152.4,153.25,150.9,151.1,152.3,14434,21.9,605,8582,59.46,05-Jun-2023
SHANKARA,EQ,772.0,773.0,749.0,753.7,767.0,48742,370.14,2950,22488,46.14,05-Jun-2023
SHANTI,EQ,17.25,18.35,17.25,17.6,17.6,20660,3.64,78,13081,63.32,05-Jun-2023
SHANTIGEAR,EQ,433.0,447.9,428.4,444.55,432.5,198140,868.71,9795,55678,28.10,05-Jun-2023
SHARDACROP,EQ,492.9,508.4,486.95,501.8,486.2,244058,1220.88,10621,98992,40.56,05-Jun-2023
SHARDAMOTR,EQ,800.0,817.4,796.8,804.1,797.0,26287,211.69,3266,12664,48.18,05-Jun-2023
SHAREINDIA,EQ,1275.0,1315.0,1255.0,1301.8,1273.85,120975,1560.56,4370,54722,45.23,05-Jun-2023
SHAREINDIA,W1,854.9,855.0,782.7,818.0,823.0,1929,16.14,26,1761,91.29,05-Jun-2023
SHARIABEES,EQ,410.06,411.41,408.45,409.92,410.59,1065,4.37,95,703,66.01,05-Jun-2023
SHEMAROO,EQ,141.75,141.75,138.75,139.2,138.6,23943,33.53,408,17168,71.70,05-Jun-2023
SHERA,SM,97.5,100.95,94.75,96.65,99.1,74000,71.85,34,56000,75.68,05-Jun-2023
SHIGAN,SM,73.15,74.9,71.0,74.9,75.15,15000,10.91,10,10500,70.00,05-Jun-2023
SHILPAMED,EQ,238.6,239.8,228.65,229.3,236.7,536249,1244.12,8696,334999,62.47,05-Jun-2023
SHIVALIK,EQ,779.95,779.95,734.8,740.9,772.15,12709,95.97,1322,7614,59.91,05-Jun-2023
SHIVAMAUTO,EQ,24.9,25.65,24.6,24.95,24.55,34270,8.53,386,22927,66.90,05-Jun-2023
SHIVAMILLS,BE,79.0,80.0,76.0,76.2,77.95,7835,6.04,84,-,-,05-Jun-2023
SHIVATEX,EQ,123.65,124.0,120.9,121.75,123.9,9411,11.51,197,6766,71.89,05-Jun-2023
SHK,EQ,109.9,112.5,109.45,111.8,109.05,151987,169.25,2974,103271,67.95,05-Jun-2023
SHOPERSTOP,EQ,775.0,788.0,765.8,780.2,771.15,46487,362.98,3841,22844,49.14,05-Jun-2023
SHRADHA,EQ,43.65,44.95,43.65,44.3,43.75,15663,6.93,189,13437,85.79,05-Jun-2023
SHREDIGCEM,EQ,82.5,83.75,81.9,82.4,82.0,894471,742.07,4254,638245,71.35,05-Jun-2023
SHREECEM,EQ,25168.95,25298.0,24707.65,24820.05,25038.4,37650,9376.97,11917,14594,38.76,05-Jun-2023
SHREEPUSHK,EQ,198.7,206.8,196.75,202.15,196.65,143816,290.59,3814,76830,53.42,05-Jun-2023
SHREERAMA,EQ,10.6,10.75,9.85,10.05,10.25,132354,13.44,304,109804,82.96,05-Jun-2023
SHRENIK,EQ,1.05,1.05,1.0,1.0,1.05,670408,6.91,473,615460,91.80,05-Jun-2023
SHREYANIND,EQ,232.8,236.8,222.1,223.65,230.2,150299,342.51,5009,81812,54.43,05-Jun-2023
SHREYAS,EQ,323.0,334.8,313.55,326.95,322.9,112090,366.32,4457,48527,43.29,05-Jun-2023
SHRIPISTON,EQ,1472.0,1515.0,1467.0,1475.35,1487.35,2799,41.6,272,2029,72.49,05-Jun-2023
SHRIRAMFIN,EQ,1421.0,1427.15,1397.65,1400.95,1413.35,502008,7063.02,33169,329885,65.71,05-Jun-2023
SHRIRAMFIN,YH,999.5,999.5,996.1,998.49,999.8,41,0.41,6,33,80.49,05-Jun-2023
SHRIRAMFIN,YI,1035.0,1035.0,1035.0,1035.0,1054.0,62,0.64,2,62,100.00,05-Jun-2023
SHRIRAMFIN,YK,1074.1,1079.0,1074.1,1078.2,1074.1,72,0.77,10,51,70.83,05-Jun-2023
SHRIRAMFIN,YL,1106.01,1110.0,1104.0,1110.0,1107.2,119,1.32,8,119,100.00,05-Jun-2023
SHRIRAMFIN,YN,1540.0,1540.0,1533.0,1535.35,1535.95,1064,16.35,19,1054,99.06,05-Jun-2023
SHRIRAMFIN,YO,1000.0,1000.0,1000.0,1000.0,1000.0,259,2.59,8,259,100.00,05-Jun-2023
SHRIRAMFIN,YR,1049.0,1049.0,1049.0,1049.0,1052.0,50,0.52,1,50,100.00,05-Jun-2023
SHRIRAMFIN,YS,1100.0,1100.0,1100.0,1100.0,1097.99,44,0.48,2,44,100.00,05-Jun-2023
SHRIRAMFIN,YY,1028.8,1028.8,1028.8,1028.8,1031.3,26,0.27,1,26,100.00,05-Jun-2023
SHRIRAMFIN,YZ,1079.88,1079.88,1079.88,1079.88,1079.88,20,0.22,1,20,100.00,05-Jun-2023
SHRIRAMFIN,Z8,1080.0,1080.0,1080.0,1080.0,1080.0,95,1.03,1,95,100.00,05-Jun-2023
SHRIRAMFIN,ZB,1411.0,1411.0,1411.0,1411.0,1401.14,50,0.71,1,50,100.00,05-Jun-2023
SHRIRAMFIN,ZE,1000.0,1000.0,1000.0,1000.0,1000.0,50,0.5,1,50,100.00,05-Jun-2023
SHRIRAMFIN,ZI,1000.01,1000.01,1000.01,1000.01,1000.0,5,0.05,1,5,100.00,05-Jun-2023
SHRIRAMFIN,ZK,1334.0,1334.0,1334.0,1334.0,1331.0,100,1.33,1,100,100.00,05-Jun-2023
SHRIRAMPPS,EQ,68.25,68.25,66.75,67.15,67.0,277398,187.17,1730,182485,65.78,05-Jun-2023
SHUBHLAXMI,SM,97.5,100.45,95.35,96.8,100.35,32000,31.42,24,25000,78.13,05-Jun-2023
SHYAMCENT,EQ,17.5,17.55,17.15,17.25,17.35,132325,22.94,685,94454,71.38,05-Jun-2023
SHYAMMETL,EQ,296.0,298.5,292.0,293.9,295.0,205079,603.8,4207,113724,55.45,05-Jun-2023
SIDDHIKA,SM,206.0,206.0,206.0,206.0,204.85,1000,2.06,1,1000,100.00,05-Jun-2023
SIEMENS,EQ,3552.65,3583.7,3512.05,3522.0,3552.65,217131,7692.07,24490,117668,54.19,05-Jun-2023
SIGACHI,EQ,243.9,244.25,240.0,240.35,241.9,54112,130.38,2857,33193,61.34,05-Jun-2023
SIGIND,EQ,46.5,46.95,44.05,45.4,46.05,87010,40.04,1039,58328,67.04,05-Jun-2023
SIGMA,SM,290.55,291.0,281.0,290.95,277.2,21750,62.8,27,20250,93.10,05-Jun-2023
SIKKO,EQ,63.55,64.45,62.15,63.05,63.85,41501,26.33,874,27510,66.29,05-Jun-2023
SIL,BE,26.2,27.6,26.0,26.25,26.3,79009,20.95,531,-,-,05-Jun-2023
SILGO,EQ,23.0,23.45,21.35,21.45,22.85,81088,17.78,498,48611,59.95,05-Jun-2023
SILINV,EQ,310.0,310.25,303.2,306.25,306.5,300,0.91,39,218,72.67,05-Jun-2023
SILLYMONKS,EQ,16.0,16.15,15.55,16.1,16.35,53723,8.41,153,43861,81.64,05-Jun-2023
SILVER,EQ,73.49,73.49,73.03,73.33,73.86,71108,52.11,640,59338,83.45,05-Jun-2023
SILVERBEES,EQ,71.12,71.12,70.41,70.63,71.48,720403,508.84,4524,488271,67.78,05-Jun-2023
SILVERETF,EQ,72.65,72.65,71.51,71.68,72.59,4290,3.08,135,2875,67.02,05-Jun-2023
SILVERTUC,EQ,360.35,380.95,359.35,375.35,357.8,28264,103.98,523,4964,17.56,05-Jun-2023
SIMBHALS,EQ,24.2,25.0,24.2,24.2,24.4,58203,14.24,319,37524,64.47,05-Jun-2023
SIMPLEXINF,EQ,35.4,37.3,34.65,35.8,34.55,268226,96.64,1090,158586,59.12,05-Jun-2023
SINTERCOM,EQ,105.0,112.0,104.0,111.55,104.8,22071,24.09,310,18372,83.24,05-Jun-2023
SIRCA,EQ,307.7,316.1,306.0,307.25,305.45,171262,530.59,4867,105796,61.77,05-Jun-2023
SIS,EQ,405.65,408.05,400.1,401.75,405.65,27537,111.6,2667,16818,61.07,05-Jun-2023
SITINET,EQ,0.8,0.85,0.75,0.8,0.8,2423043,19.27,716,1753123,72.35,05-Jun-2023
SIYSIL,EQ,530.0,533.5,526.15,528.0,524.7,77756,411.99,5077,39140,50.34,05-Jun-2023
SJS,EQ,541.0,572.7,533.0,558.0,538.8,676598,3777.27,25683,245402,36.27,05-Jun-2023
SJVN,EQ,35.95,36.25,35.7,35.75,35.7,3585780,1288.55,6263,1614542,45.03,05-Jun-2023
SKFINDIA,EQ,4474.0,4550.0,4467.95,4542.9,4474.3,11996,543.56,4192,7231,60.28,05-Jun-2023
SKIL,BE,3.1,3.25,3.0,3.25,3.1,146887,4.74,65,-,-,05-Jun-2023
SKIPPER,EQ,115.35,116.0,113.4,115.6,113.85,116282,133.57,1825,59191,50.90,05-Jun-2023
SKMEGGPROD,EQ,217.0,219.4,201.55,209.85,211.15,754915,1603.96,10198,398581,52.80,05-Jun-2023
SKP,SM,163.1,166.3,161.35,162.7,163.65,36000,58.73,35,25000,69.44,05-Jun-2023
SKYGOLD,EQ,405.2,474.0,401.5,404.85,398.9,916073,3984.34,27961,262731,28.68,05-Jun-2023
SMARTLINK,EQ,158.0,160.25,155.35,158.4,155.7,6884,10.84,307,4852,70.48,05-Jun-2023
SMCGLOBAL,EQ,74.05,74.35,73.8,73.9,74.2,17964,13.28,256,14175,78.91,05-Jun-2023
SMLISUZU,EQ,1099.25,1102.45,1040.0,1045.2,1089.95,42731,453.6,5119,21501,50.32,05-Jun-2023
SMLT,EQ,171.0,171.0,165.7,166.3,168.7,56041,93.94,2436,39681,70.81,05-Jun-2023
SMSLIFE,EQ,525.8,544.0,515.2,519.7,526.85,39414,211.05,1052,19447,49.34,05-Jun-2023
SMSPHARMA,EQ,85.9,86.9,85.05,85.7,85.4,46713,40.13,521,28034,60.01,05-Jun-2023
SNOWMAN,EQ,38.25,38.45,37.3,37.4,37.9,410769,155.18,1586,299802,72.99,05-Jun-2023
SOBHA,EQ,574.7,574.95,563.4,571.05,569.55,747700,4262.61,17037,202504,27.08,05-Jun-2023
SOFTTECH,EQ,142.3,142.9,139.35,140.1,138.6,2341,3.28,109,1621,69.24,05-Jun-2023
SOLARA,EQ,356.1,357.95,353.05,354.35,354.0,56047,198.83,2322,30543,54.50,05-Jun-2023
SOLARINDS,EQ,3811.0,3850.0,3787.5,3831.45,3783.3,53086,2032.97,10690,32744,61.68,05-Jun-2023
SOLEX,SM,411.0,420.0,411.0,419.0,416.0,5600,23.35,13,4000,71.43,05-Jun-2023
SOMANYCERA,EQ,637.3,667.7,637.3,652.35,636.35,177724,1164.98,11861,71647,40.31,05-Jun-2023
SOMATEX,EQ,25.6,26.0,25.6,26.0,24.8,50768,13.12,105,47628,93.82,05-Jun-2023
SOMICONVEY,EQ,52.5,61.1,50.8,60.55,50.95,1146218,679.72,5712,323958,28.26,05-Jun-2023
SONACOMS,EQ,534.65,538.65,525.05,529.05,531.75,1934956,10265.34,59090,1137389,58.78,05-Jun-2023
SONAMCLOCK,EQ,60.0,60.0,57.25,59.0,58.5,21289,12.44,360,9826,46.16,05-Jun-2023
SONATSOFTW,EQ,990.0,996.25,962.1,972.1,984.6,147251,1445.6,7539,56005,38.03,05-Jun-2023
SOTAC,SM,125.0,133.6,125.0,129.5,128.5,8400,10.85,7,7200,85.71,05-Jun-2023
SOTL,EQ,279.0,279.45,269.6,274.1,276.15,62554,172.58,2351,42661,68.20,05-Jun-2023
SOUTHBANK,EQ,19.1,19.15,18.65,18.8,19.05,22555246,4246.34,14878,7900098,35.03,05-Jun-2023
SOUTHWEST,EQ,129.15,135.0,129.15,130.85,132.5,14088,18.69,117,1709,12.13,05-Jun-2023
SPAL,EQ,418.2,424.85,415.0,416.15,414.1,57435,242.0,2149,46475,80.92,05-Jun-2023
SPANDANA,EQ,710.0,712.0,691.25,696.25,700.05,158646,1109.01,9565,61749,38.92,05-Jun-2023
SPARC,EQ,189.0,191.15,187.15,188.15,187.55,248698,470.63,4336,76586,30.79,05-Jun-2023
SPCENET,EQ,17.5,17.9,17.5,17.85,17.25,1313468,233.93,594,1128003,85.88,05-Jun-2023
SPECIALITY,EQ,233.0,244.4,232.45,236.65,235.4,499152,1195.46,8825,302878,60.68,05-Jun-2023
SPECTRUM,SM,509.0,510.0,509.0,509.5,509.5,1000,5.1,2,1000,100.00,05-Jun-2023
SPENCERS,EQ,62.55,62.55,60.95,61.4,62.35,125710,77.69,1742,82237,65.42,05-Jun-2023
SPENTEX,BZ,1.35,1.35,1.3,1.3,1.35,15479,0.21,21,-,-,05-Jun-2023
SPIC,EQ,65.05,66.55,65.05,65.85,64.85,801218,527.99,4034,389655,48.63,05-Jun-2023
SPLIL,EQ,65.0,67.0,62.35,63.45,64.15,51369,33.22,510,30146,58.69,05-Jun-2023
SPLPETRO,EQ,360.0,361.4,357.05,358.6,359.2,44932,161.22,2106,33940,75.54,05-Jun-2023
SPMLINFRA,BE,36.65,37.8,35.2,35.9,36.65,59300,21.76,569,-,-,05-Jun-2023
SPORTKING,EQ,695.0,728.3,689.3,717.55,684.75,30245,215.88,2049,18758,62.02,05-Jun-2023
SPTL,BE,1.6,1.6,1.6,1.6,1.65,728064,11.65,762,-,-,05-Jun-2023
SPYL,BE,0.45,0.5,0.4,0.5,0.45,98842,0.4,25,-,-,05-Jun-2023
SREEL,EQ,201.2,204.05,200.1,201.05,200.5,8145,16.4,496,5474,67.21,05-Jun-2023
SREIBNPNCD,NW,149.0,149.0,149.0,149.0,149.0,41,0.06,2,41,100.00,05-Jun-2023
SREINFRA,BE,2.15,2.2,2.15,2.2,2.1,984442,21.53,419,-,-,05-Jun-2023
SRF,EQ,2512.6,2546.95,2512.05,2532.2,2512.6,270365,6845.43,18338,145897,53.96,05-Jun-2023
SRHHYPOLTD,EQ,574.0,645.0,569.0,626.45,563.7,623067,3841.36,23877,143025,22.95,05-Jun-2023
SRIVASAVI,SM,72.9,73.9,70.75,72.65,71.1,120000,87.08,39,90000,75.00,05-Jun-2023
SRPL,EQ,4.05,4.05,3.9,3.95,4.0,372291,14.73,214,253428,68.07,05-Jun-2023
SSWL,EQ,155.0,159.9,153.5,158.25,153.15,463505,730.9,5886,300101,64.75,05-Jun-2023
STAMPEDE,BE,1.1,1.1,1.1,1.1,1.1,22640,0.25,5,-,-,05-Jun-2023
STAR,EQ,361.25,363.6,356.55,357.95,359.5,153316,551.96,3708,75677,49.36,05-Jun-2023
STARCEMENT,EQ,142.95,143.5,140.2,142.75,141.4,1087979,1548.38,8480,650694,59.81,05-Jun-2023
STARHEALTH,EQ,539.9,544.8,538.25,540.35,537.15,512427,2778.61,22608,380257,74.21,05-Jun-2023
STARPAPER,EQ,178.8,178.8,176.55,176.85,176.2,17317,30.71,675,10866,62.75,05-Jun-2023
STARTECK,EQ,122.1,123.5,119.0,119.35,120.9,1657,2.0,80,1266,76.40,05-Jun-2023
STCINDIA,EQ,75.4,76.35,74.6,75.05,74.95,41509,31.29,516,18140,43.70,05-Jun-2023
STEELCAS,EQ,488.85,497.0,488.0,492.4,488.4,12136,59.79,960,6989,57.59,05-Jun-2023
STEELCITY,EQ,62.8,63.55,62.1,63.25,61.95,53690,33.8,339,40100,74.69,05-Jun-2023
STEELXIND,EQ,15.15,15.6,15.15,15.45,15.1,3036909,469.83,1675,2113266,69.59,05-Jun-2023
STEL,EQ,141.0,143.05,140.4,141.6,140.5,6396,9.07,161,5181,81.00,05-Jun-2023
STERTOOLS,EQ,338.7,357.5,338.7,351.85,336.85,416232,1465.73,14058,82100,19.72,05-Jun-2023
STLTECH,EQ,149.2,151.5,148.0,148.35,147.75,931685,1390.8,8445,438829,47.10,05-Jun-2023
STOVEKRAFT,EQ,441.0,441.0,432.1,434.1,437.9,167271,730.15,7578,80606,48.19,05-Jun-2023
STYLAMIND,EQ,1645.5,1683.95,1639.85,1656.5,1645.15,28542,474.66,3703,12751,44.67,05-Jun-2023
STYRENIX,EQ,878.65,983.0,877.65,948.7,878.65,234765,2208.4,18525,122458,52.16,05-Jun-2023
SUBEXLTD,EQ,28.0,28.1,27.6,27.8,27.75,1442863,401.16,4217,833525,57.77,05-Jun-2023
SUBROS,EQ,331.0,341.85,331.0,334.7,328.0,64770,217.4,2986,36471,56.31,05-Jun-2023
SUDARSCHEM,EQ,466.95,495.0,466.95,487.3,465.15,382197,1843.3,11583,213264,55.80,05-Jun-2023
SUKHJITS,EQ,424.5,426.0,421.05,423.7,417.6,8774,37.17,576,5113,58.27,05-Jun-2023
SULA,EQ,434.0,438.9,426.0,427.35,431.75,502078,2167.57,13532,181427,36.14,05-Jun-2023
SUMEETINDS,BE,2.7,2.7,2.7,2.7,2.85,213725,5.77,91,-,-,05-Jun-2023
SUMICHEM,EQ,403.0,418.0,402.5,415.55,402.3,644136,2643.81,16780,389778,60.51,05-Jun-2023
SUMIT,EQ,36.5,36.5,34.15,35.25,34.95,22531,7.98,166,14476,64.25,05-Jun-2023
SUMMITSEC,EQ,704.0,715.95,699.0,705.35,694.5,5630,39.87,548,3441,61.12,05-Jun-2023
SUNCLAYLTD,EQ,4334.1,4334.1,4207.55,4264.8,4312.5,8243,351.54,2196,5003,60.69,05-Jun-2023
SUNDARAM,EQ,2.3,2.5,2.25,2.4,2.3,2083330,49.22,620,1209585,58.06,05-Jun-2023
SUNDARMFIN,EQ,2527.5,2564.7,2513.8,2526.6,2517.6,117196,2958.66,8020,104825,89.44,05-Jun-2023
SUNDARMHLD,EQ,92.9,93.9,90.0,90.35,92.55,129026,117.89,1299,96228,74.58,05-Jun-2023
SUNDRMBRAK,EQ,325.85,381.0,321.0,357.7,321.05,37785,134.59,1696,21959,58.12,05-Jun-2023
SUNDRMFAST,EQ,1110.95,1144.7,1110.95,1133.1,1110.85,163928,1855.57,9156,109223,66.63,05-Jun-2023
SUNFLAG,EQ,145.2,146.85,138.75,142.1,144.55,639297,911.11,9468,269720,42.19,05-Jun-2023
SUNPHARMA,EQ,1005.35,1017.7,998.5,1008.75,999.6,3629780,36693.78,133862,2798201,77.09,05-Jun-2023
SUNTECK,EQ,284.05,288.05,282.05,283.9,281.95,193259,550.64,8545,121939,63.10,05-Jun-2023
SUNTV,EQ,459.8,464.0,456.5,459.85,456.0,998239,4597.79,21372,328586,32.92,05-Jun-2023
SUPERHOUSE,EQ,212.05,217.0,211.95,214.85,211.95,24015,51.71,1464,11262,46.90,05-Jun-2023
SUPERSPIN,EQ,7.05,7.15,6.8,6.8,6.9,60063,4.15,217,52508,87.42,05-Jun-2023
SUPRAJIT,EQ,387.75,389.7,381.1,382.9,386.45,103969,399.63,6296,74283,71.45,05-Jun-2023
SUPREMEENG,BE,0.65,0.65,0.65,0.65,0.7,742988,4.83,445,-,-,05-Jun-2023
SUPREMEIND,EQ,2820.95,2842.6,2790.0,2809.2,2820.15,33149,931.71,6569,19043,57.45,05-Jun-2023
SUPREMEINF,EQ,23.5,23.8,22.8,23.45,22.8,33203,7.73,146,24325,73.26,05-Jun-2023
SUPRIYA,EQ,253.9,258.85,250.45,252.7,251.4,93977,238.58,3290,40354,42.94,05-Jun-2023
SURANASOL,EQ,20.2,20.2,19.75,19.8,19.8,28597,5.7,486,20854,72.92,05-Jun-2023
SURANAT&P,EQ,9.3,9.4,9.1,9.25,9.3,72493,6.69,279,49273,67.97,05-Jun-2023
SURANI,SM,201.0,209.0,200.8,201.1,211.15,14000,28.3,7,12000,85.71,05-Jun-2023
SURYALAXMI,EQ,58.5,61.7,58.5,59.9,59.8,19243,11.62,304,12011,62.42,05-Jun-2023
SURYAROSNI,EQ,772.95,790.0,770.3,787.95,768.1,220443,1726.22,8121,106205,48.18,05-Jun-2023
SURYODAY,EQ,146.75,159.0,145.05,156.65,145.05,2224599,3408.81,19882,978986,44.01,05-Jun-2023
SUTLEJTEX,EQ,45.2,48.25,45.2,47.7,45.2,209208,98.91,1342,131201,62.71,05-Jun-2023
SUULD,EQ,11.5,11.5,10.65,10.8,11.2,843467,91.11,1542,480323,56.95,05-Jun-2023
SUVEN,EQ,58.55,59.55,57.7,58.2,58.25,227327,133.62,1506,142903,62.86,05-Jun-2023
SUVENPHAR,EQ,480.0,480.0,473.6,474.15,477.65,85141,405.98,6222,55664,65.38,05-Jun-2023
SUVIDHAA,EQ,3.8,3.8,3.75,3.8,3.8,117664,4.46,295,105856,89.96,05-Jun-2023
SUZLON,EQ,11.1,11.5,11.0,11.4,11.0,272291792,30742.7,116995,72118315,26.49,05-Jun-2023
SVLL,EQ,168.0,175.0,167.05,173.5,167.25,1958,3.36,111,993,50.72,05-Jun-2023
SVPGLOB,BE,11.05,11.05,11.05,11.05,11.6,253887,28.05,297,-,-,05-Jun-2023
SWANENERGY,EQ,254.55,254.75,244.0,244.9,252.25,211148,523.87,6337,79568,37.68,05-Jun-2023
SWARAJ,SM,42.95,42.95,42.95,42.95,40.95,32000,13.74,8,32000,100.00,05-Jun-2023
SWARAJENG,EQ,1959.95,1960.0,1933.7,1939.1,1932.95,16536,321.65,2283,9356,56.58,05-Jun-2023
SWASTIK,SM,77.25,77.7,75.1,75.95,77.25,19200,14.68,16,12000,62.50,05-Jun-2023
SWELECTES,EQ,334.5,336.8,324.1,328.65,319.8,7207,23.6,543,4261,59.12,05-Jun-2023
SWSOLAR,EQ,289.95,297.25,287.4,294.4,288.65,1555156,4516.34,10393,1275888,82.04,05-Jun-2023
SYMPHONY,EQ,850.65,854.85,843.65,849.9,849.0,79998,679.38,4695,58343,72.93,05-Jun-2023
SYNCOMF,EQ,6.9,7.1,6.8,7.05,6.75,2221285,156.43,2521,1565187,70.46,05-Jun-2023
SYNGENE,EQ,722.0,725.35,719.3,721.3,720.5,409494,2955.8,18536,283279,69.18,05-Jun-2023
SYRMA,EQ,388.0,396.1,383.55,386.85,386.05,751548,2930.0,16062,284783,37.89,05-Jun-2023
SYSTANGO,SM,245.7,252.0,233.15,240.0,242.95,102400,247.22,63,70400,68.75,05-Jun-2023
TAINWALCHM,EQ,120.45,122.8,115.0,119.05,118.55,39509,46.85,715,23221,58.77,05-Jun-2023
TAJGVK,EQ,238.95,247.5,236.85,243.65,236.85,548621,1338.89,11921,165334,30.14,05-Jun-2023
TAKE,EQ,18.3,18.85,18.3,18.45,18.1,182254,33.69,896,111296,61.07,05-Jun-2023
TALBROAUTO,EQ,602.0,674.8,602.0,646.65,592.2,1051623,6874.13,40147,178648,16.99,05-Jun-2023
TANLA,EQ,777.0,797.0,776.05,782.2,774.9,404642,3186.36,14198,166762,41.21,05-Jun-2023
TANTIACONS,BZ,11.4,11.4,11.4,11.4,10.9,4238,0.48,11,-,-,05-Jun-2023
TAPIFRUIT,SM,192.0,192.0,190.0,190.0,200.0,13500,25.7,9,13500,100.00,05-Jun-2023
TARACHAND,SM,85.0,88.0,85.0,88.0,87.4,4000,3.46,2,2000,50.00,05-Jun-2023
TARC,EQ,53.6,55.7,53.6,55.0,53.0,1200168,658.88,4445,746640,62.21,05-Jun-2023
TARMAT,EQ,71.0,72.85,70.15,70.95,71.1,30717,21.96,424,22591,73.55,05-Jun-2023
TARSONS,EQ,583.0,590.5,577.0,579.7,574.7,86694,503.42,5115,55902,64.48,05-Jun-2023
TASTYBITE,EQ,11575.0,11997.95,11575.0,11868.15,11551.95,2658,313.61,895,1323,49.77,05-Jun-2023
TATACAPHSG,N6,1033.0,1033.0,1033.0,1033.0,1033.0,19,0.2,2,19,100.00,05-Jun-2023
TATACAPHSG,,1051.0,1051.0,1051.0,1051.0,1051.0,91,0.96,2,91,100.00,05-Jun-2023
TATACHEM,EQ,979.6,1017.95,976.85,995.55,969.8,5155439,51773.99,105012,1094967,21.24,05-Jun-2023
TATACOFFEE,EQ,232.95,233.3,229.85,230.4,230.6,654567,1514.41,11920,200321,30.60,05-Jun-2023
TATACOMM,EQ,1369.95,1391.0,1360.0,1383.0,1367.35,439351,6057.15,24303,166224,37.83,05-Jun-2023
TATACONSUM,EQ,796.95,800.45,790.6,792.45,796.05,774985,6162.32,33825,411361,53.08,05-Jun-2023
TATAELXSI,EQ,7725.0,7777.0,7680.0,7698.15,7695.95,131164,10123.89,18762,52013,39.65,05-Jun-2023
TATAINVEST,EQ,2250.0,2350.0,2250.0,2325.3,2242.35,254249,5897.95,22989,69764,27.44,05-Jun-2023
TATAMETALI,EQ,778.0,789.0,771.55,784.65,773.15,66851,521.64,3657,26544,39.71,05-Jun-2023
TATAMOTORS,EQ,539.0,548.8,537.9,546.25,535.9,15008325,81744.38,307401,5575903,37.15,05-Jun-2023
TATAMTRDVR,EQ,284.4,290.9,283.65,286.85,281.9,3890615,11202.12,37214,1790990,46.03,05-Jun-2023
TATAPOWER,EQ,217.0,219.4,216.15,219.05,215.65,8688870,18938.97,73881,4606953,53.02,05-Jun-2023
TATASTEEL,EQ,108.65,109.9,107.8,109.4,108.0,39642539,43143.35,143608,21289860,53.70,05-Jun-2023
TATASTLLP,EQ,655.0,667.0,654.0,663.8,653.05,42909,283.7,1515,21075,49.12,05-Jun-2023
TATVA,EQ,1652.55,1668.95,1646.0,1649.5,1650.8,10429,172.3,1221,7268,69.69,05-Jun-2023
TBZ,EQ,80.4,80.95,78.1,78.5,78.9,218473,173.4,2482,136845,62.64,05-Jun-2023
TCFSL,ND,1058.75,1060.0,1058.75,1059.71,1058.86,808,8.56,18,798,98.76,05-Jun-2023
TCFSL,NJ,1065.0,1065.99,1061.15,1061.15,1061.12,280,2.98,9,280,100.00,05-Jun-2023
TCI,EQ,707.4,712.0,693.0,699.0,704.35,30808,217.21,3961,14497,47.06,05-Jun-2023
TCIEXP,EQ,1640.0,1640.45,1600.0,1621.15,1623.7,22843,371.88,3056,15444,67.61,05-Jun-2023
TCIFINANCE,BE,2.8,2.85,2.8,2.85,2.75,1907,0.05,7,-,-,05-Jun-2023
TCNSBRANDS,EQ,420.0,422.0,415.85,419.25,417.15,273983,1149.73,3996,217426,79.36,05-Jun-2023
TCPLPACK,EQ,1494.7,1514.8,1477.05,1505.85,1472.7,17057,255.65,4224,9695,56.84,05-Jun-2023
TCS,EQ,3315.0,3327.0,3285.05,3288.9,3305.6,1861468,61454.83,94288,1423821,76.49,05-Jun-2023
TDPOWERSYS,EQ,224.3,232.85,222.8,227.65,222.5,861286,1966.14,17468,360513,41.86,05-Jun-2023
TEAMLEASE,EQ,2188.4,2214.4,2185.0,2198.6,2188.35,17442,384.24,3666,11063,63.43,05-Jun-2023
TECH,EQ,30.67,30.67,29.92,29.94,29.93,25263,7.59,256,21856,86.51,05-Jun-2023
TECHIN,EQ,8.75,8.9,8.5,8.75,8.5,6301,0.55,45,5973,94.79,05-Jun-2023
TECHM,EQ,1124.1,1134.55,1107.5,1109.35,1123.1,1754521,19517.17,53064,1041130,59.34,05-Jun-2023
TECHNOE,EQ,383.55,389.5,360.0,366.0,382.05,208632,783.88,7001,97002,46.49,05-Jun-2023
TECILCHEM,BE,24.15,25.75,24.15,24.3,25.4,1689,0.41,23,-,-,05-Jun-2023
TEGA,EQ,869.95,921.0,867.4,897.4,872.0,226048,2022.33,10948,76332,33.77,05-Jun-2023
TEJASNET,EQ,703.95,705.15,690.35,692.85,698.1,238084,1659.99,7433,117663,49.42,05-Jun-2023
TEMBO,EQ,230.1,233.0,225.05,226.85,228.5,114116,263.11,953,42957,37.64,05-Jun-2023
TERASOFT,EQ,47.7,48.7,45.75,46.05,47.6,92278,43.44,1266,61176,66.30,05-Jun-2023
TEXINFRA,EQ,53.55,53.9,53.05,53.5,52.95,20277,10.85,184,13877,68.44,05-Jun-2023
TEXMOPIPES,EQ,59.7,60.1,58.85,59.0,58.95,88057,52.18,1264,58062,65.94,05-Jun-2023
TEXRAIL,EQ,59.25,60.7,58.8,59.45,58.85,4397590,2627.81,15588,2169171,49.33,05-Jun-2023
TFCILTD,EQ,73.8,74.5,73.2,73.4,73.2,160747,118.73,1432,95985,59.71,05-Jun-2023
TFL,EQ,8.95,9.5,8.95,9.4,9.15,31510,2.95,49,26986,85.64,05-Jun-2023
TGBHOTELS,BE,11.1,11.6,10.8,11.5,11.1,44815,5.13,121,-,-,05-Jun-2023
THANGAMAYL,EQ,1504.95,1548.0,1494.8,1507.55,1487.45,53334,812.25,5162,21071,39.51,05-Jun-2023
THEINVEST,BE,89.15,92.7,89.15,92.0,88.5,1146,1.05,21,-,-,05-Jun-2023
THEJO,SM,1352.05,1399.95,1352.0,1399.95,1365.0,2550,35.18,17,2250,88.24,05-Jun-2023
THEMISMED,EQ,1465.1,1492.5,1452.05,1460.0,1468.55,4072,59.77,727,2247,55.18,05-Jun-2023
THERMAX,EQ,2390.0,2397.65,2362.25,2378.9,2377.55,16572,394.14,3257,8054,48.60,05-Jun-2023
THOMASCOOK,EQ,68.5,68.5,67.0,68.0,67.5,326437,221.61,2035,223873,68.58,05-Jun-2023
THOMASCOTT,BE,48.5,50.6,48.5,50.6,48.2,12228,6.16,58,-,-,05-Jun-2023
THYROCARE,EQ,489.0,489.05,473.75,479.35,483.75,151507,723.6,7896,96970,64.00,05-Jun-2023
TI,EQ,154.75,155.85,147.1,147.95,154.5,662261,994.05,9956,351157,53.02,05-Jun-2023
TIDEWATER,EQ,876.9,899.9,871.0,890.95,870.4,72053,638.93,6906,38205,53.02,05-Jun-2023
TIIL,EQ,1549.95,1600.0,1540.55,1575.85,1549.25,68600,1084.67,6271,40631,59.23,05-Jun-2023
TIINDIA,EQ,2899.0,2928.35,2876.55,2891.35,2884.2,144801,4200.02,17529,105782,73.05,05-Jun-2023
TIJARIA,EQ,5.1,5.15,4.9,5.1,5.1,27021,1.35,68,21563,79.80,05-Jun-2023
TIL,BZ,129.45,129.45,125.0,126.65,125.2,1372,1.75,22,-,-,05-Jun-2023
TIMESGTY,EQ,57.95,57.95,53.3,54.05,56.65,7834,4.29,134,6616,84.45,05-Jun-2023
TIMETECHNO,EQ,105.65,108.6,104.15,104.8,105.65,8474802,9002.86,33974,1982335,23.39,05-Jun-2023
TIMKEN,EQ,3351.2,3378.0,3300.0,3355.0,3351.2,19697,661.81,5284,9019,45.79,05-Jun-2023
TINPLATE,EQ,324.9,329.0,322.1,327.95,322.65,124921,407.21,3093,76869,61.53,05-Jun-2023
TIPSFILMS,EQ,424.25,445.95,424.25,441.45,427.25,10946,47.73,904,7343,67.08,05-Jun-2023
TIPSINDLTD,EQ,203.1,209.65,202.0,207.8,201.1,216268,448.09,5910,121289,56.08,05-Jun-2023
TIRUMALCHM,EQ,183.6,187.0,182.1,185.45,182.7,357857,660.0,6329,254166,71.02,05-Jun-2023
TIRUPATI,SM,133.1,133.1,133.1,133.1,140.0,1000,1.33,1,1000,100.00,05-Jun-2023
TIRUPATIFL,EQ,9.45,9.45,9.1,9.15,9.2,493191,45.59,886,262364,53.20,05-Jun-2023
TITAN,EQ,2875.0,2875.0,2840.0,2855.7,2861.65,724102,20670.5,51244,425189,58.72,05-Jun-2023
TMB,EQ,416.5,421.0,413.0,414.4,414.05,80814,336.8,4070,48353,59.83,05-Jun-2023
TNIDETF,EQ,58.0,58.3,57.4,57.58,57.8,7880,4.55,153,4279,54.30,05-Jun-2023
TNPETRO,EQ,77.3,78.8,77.0,77.15,77.7,168630,130.9,2028,92944,55.12,05-Jun-2023
TNPL,EQ,225.0,226.55,219.65,220.3,223.9,287614,640.05,5386,201425,70.03,05-Jun-2023
TNTELE,BE,6.25,6.75,6.25,6.35,6.5,11884,0.76,64,-,-,05-Jun-2023
TOKYOPLAST,EQ,90.5,97.75,89.7,96.6,90.6,76240,73.04,849,23516,30.84,05-Jun-2023
TORNTPHARM,EQ,1778.0,1793.4,1770.1,1775.25,1777.45,208268,3703.34,13647,84301,40.48,05-Jun-2023
TORNTPOWER,EQ,565.3,591.95,564.0,588.55,563.8,1114451,6469.56,27753,335192,30.08,05-Jun-2023
TOTAL,EQ,144.5,148.0,139.8,142.05,141.55,98006,141.16,1051,62077,63.34,05-Jun-2023
TOUCHWOOD,EQ,164.7,164.7,160.0,164.5,160.25,513,0.84,38,465,90.64,05-Jun-2023
TPLPLASTEH,EQ,44.45,45.5,43.6,44.0,43.45,218023,96.96,1036,90137,41.34,05-Jun-2023
TRACXN,EQ,68.55,78.2,68.05,77.0,67.75,4035474,3014.41,21610,1226106,30.38,05-Jun-2023
TRANSWIND,SM,7.2,7.2,7.2,7.2,6.9,4000,0.29,1,4000,100.00,05-Jun-2023
TREEHOUSE,EQ,17.45,18.3,17.3,17.75,17.45,25818,4.62,224,17563,68.03,05-Jun-2023
TREJHARA,EQ,68.8,69.8,67.2,69.8,66.5,187516,129.07,964,143027,76.27,05-Jun-2023
TRENT,EQ,1595.0,1610.0,1587.6,1599.05,1597.3,231024,3691.49,15023,113331,49.06,05-Jun-2023
TRF,EQ,168.0,169.5,165.55,168.3,167.3,38054,63.75,798,23132,60.79,05-Jun-2023
TRIDENT,EQ,32.6,34.5,32.5,34.0,32.3,30526979,10328.07,49035,7993690,26.19,05-Jun-2023
TRIGYN,EQ,110.0,112.2,107.05,107.65,109.5,180645,198.52,2980,94221,52.16,05-Jun-2023
TRIL,EQ,84.5,85.25,79.7,80.5,84.0,1324711,1097.63,8184,724483,54.69,05-Jun-2023
TRITURBINE,EQ,390.6,394.55,382.15,385.2,388.4,470970,1826.14,16809,194375,41.27,05-Jun-2023
TRIVENI,EQ,277.6,279.5,275.5,277.85,274.9,422507,1174.0,7186,252614,59.79,05-Jun-2023
TTKHLTCARE,EQ,1272.55,1292.0,1259.4,1264.95,1266.2,33210,424.28,3302,19763,59.51,05-Jun-2023
TTKPRESTIG,EQ,679.8,680.0,673.85,675.05,673.8,219349,1481.67,8213,177816,81.07,05-Jun-2023
TTL,EQ,79.85,79.85,77.0,77.3,77.4,15320,11.95,357,8781,57.32,05-Jun-2023
TTML,EQ,65.3,66.7,64.25,64.4,64.8,2314493,1507.39,13138,1042111,45.03,05-Jun-2023
TV18BRDCST,EQ,40.25,40.75,38.1,38.3,39.65,15276033,6008.45,23227,6117882,40.05,05-Jun-2023
TVSELECT,EQ,355.15,357.95,352.3,355.2,353.4,59826,212.63,3390,22471,37.56,05-Jun-2023
TVSMOTOR,EQ,1309.95,1312.95,1287.15,1294.7,1305.55,551021,7141.75,32313,232257,42.15,05-Jun-2023
TVSSRICHAK,EQ,2874.65,2897.55,2821.0,2864.25,2862.5,7558,215.99,1722,4553,60.24,05-Jun-2023
TVTODAY,EQ,195.9,195.9,193.95,194.5,193.95,89394,174.35,2274,49315,55.17,05-Jun-2023
TWL,EQ,380.9,382.25,370.3,375.65,378.0,504459,1909.63,14619,310604,61.57,05-Jun-2023
UBL,EQ,1448.95,1454.95,1445.0,1448.7,1448.8,172989,2506.78,9172,114674,66.29,05-Jun-2023
UCALFUEL,EQ,120.8,121.45,119.75,120.45,120.0,7608,9.17,223,5577,73.30,05-Jun-2023
UCL,SM,70.0,70.0,70.0,70.0,70.0,4000,2.8,2,4000,100.00,05-Jun-2023
UCOBANK,EQ,27.75,27.75,27.0,27.2,27.55,4537916,1241.65,26411,1848092,40.73,05-Jun-2023
UDAICEMENT,EQ,29.1,29.5,28.7,29.05,28.8,223519,64.95,900,147661,66.06,05-Jun-2023
UFLEX,EQ,415.0,417.55,405.1,405.95,411.05,135389,552.66,4559,82927,61.25,05-Jun-2023
UFO,EQ,76.2,79.8,76.2,78.9,76.2,243148,190.97,2580,142776,58.72,05-Jun-2023
UGARSUGAR,EQ,112.0,113.7,110.8,111.55,111.55,438438,490.63,3453,192232,43.84,05-Jun-2023
UGROCAP,EQ,239.4,248.0,236.25,237.85,237.15,680889,1655.93,12010,244276,35.88,05-Jun-2023
UGROCAP,N1,332.99,334.9,320.0,320.0,333.0,504,1.65,10,276,54.76,05-Jun-2023
UGROCAP,N3,990.0,995.0,990.0,991.6,1001.0,50,0.5,4,50,100.00,05-Jun-2023
UGROCAP,N4,1004.0,1004.0,1000.0,1000.0,999.85,92,0.92,5,92,100.00,05-Jun-2023
UGROCAP,N6,1015.0,1015.0,1015.0,1015.0,1000.0,50,0.51,1,50,100.00,05-Jun-2023
UGROCAP,N7,1009.0,1009.5,985.0,1009.0,1008.0,158,1.58,19,153,96.84,05-Jun-2023
UJAAS,BE,1.95,2.0,1.9,1.95,1.95,172615,3.35,246,-,-,05-Jun-2023
UJJIVAN,EQ,362.85,364.85,352.0,354.35,360.25,359290,1281.13,8738,213201,59.34,05-Jun-2023
UJJIVANSFB,EQ,36.45,36.75,35.85,36.0,36.2,7929528,2875.86,11879,2564550,32.34,05-Jun-2023
ULTRACEMCO,EQ,7897.0,7925.0,7865.0,7882.0,7850.65,186015,14675.93,24602,116710,62.74,05-Jun-2023
UMA,SM,31.5,31.5,28.8,29.1,31.5,152000,45.06,35,136000,89.47,05-Jun-2023
UMAEXPORTS,EQ,45.65,46.5,45.05,45.75,45.3,41722,19.06,629,26419,63.32,05-Jun-2023
UMANGDAIRY,EQ,60.3,60.4,59.7,60.1,60.05,4550,2.73,58,4001,87.93,05-Jun-2023
UMESLTD,EQ,3.7,3.75,3.65,3.7,3.65,16057,0.6,63,15937,99.25,05-Jun-2023
UNICHEMLAB,EQ,371.5,373.7,371.3,371.6,371.3,51680,192.2,2108,39162,75.78,05-Jun-2023
UNIDT,EQ,203.0,203.35,195.85,198.85,201.2,66519,132.61,2495,43336,65.15,05-Jun-2023
UNIENTER,EQ,155.0,155.2,150.15,152.5,153.2,4531,6.95,168,3275,72.28,05-Jun-2023
UNIINFO,EQ,24.45,25.7,24.15,24.95,24.85,9275,2.31,64,7691,82.92,05-Jun-2023
UNIONBANK,EQ,73.2,73.45,72.5,72.6,72.75,3763231,2742.08,12113,1721775,45.75,05-Jun-2023
UNIPARTS,EQ,569.85,579.5,565.0,569.7,566.9,145052,830.15,5677,84572,58.30,05-Jun-2023
UNITECH,BZ,1.4,1.4,1.35,1.4,1.35,892311,12.31,430,-,-,05-Jun-2023
UNITEDPOLY,EQ,120.0,120.0,116.0,116.0,122.1,3437,3.99,52,3437,100.00,05-Jun-2023
UNITEDTEA,EQ,268.9,269.6,265.7,266.0,265.2,5224,13.92,96,4524,86.60,05-Jun-2023
UNIVASTU,EQ,95.0,95.0,91.0,91.2,93.05,25983,23.99,401,18391,70.78,05-Jun-2023
UNIVCABLES,EQ,369.6,374.25,369.6,371.8,367.0,19196,71.29,1423,13754,71.65,05-Jun-2023
UNIVPHOTO,EQ,396.6,397.25,382.2,387.85,391.7,2306,8.99,336,1311,56.85,05-Jun-2023
UNOMINDA,EQ,578.9,578.9,554.1,555.9,572.5,472523,2671.29,17039,261229,55.28,05-Jun-2023
UPL,EQ,689.0,691.5,684.65,690.0,683.35,1227013,8450.08,23808,774711,63.14,05-Jun-2023
URAVI,SM,173.8,174.0,161.5,166.0,166.0,21600,36.57,13,9600,44.44,05-Jun-2023
URJA,EQ,8.0,8.15,7.95,8.1,7.95,1986343,160.5,4626,1294331,65.16,05-Jun-2023
USASEEDS,SM,515.05,515.05,510.0,510.0,530.0,900,4.62,3,600,66.67,05-Jun-2023
USHAMART,EQ,234.6,242.0,234.1,241.4,233.3,1112867,2661.77,11413,815641,73.29,05-Jun-2023
USK,EQ,31.2,31.4,30.65,30.75,31.05,145237,44.8,902,119136,82.03,05-Jun-2023
UTIAMC,EQ,713.0,716.45,700.25,706.0,710.65,109818,775.75,6771,66803,60.83,05-Jun-2023
UTIBANKETF,EQ,45.08,45.08,44.67,44.73,44.66,48732,21.88,440,22396,45.96,05-Jun-2023
UTINEXT50,EQ,44.65,44.89,44.23,44.58,44.47,36325,16.25,230,28687,78.97,05-Jun-2023
UTINIFTETF,EQ,1991.08,1994.89,1983.39,1986.7,1980.01,1943,38.65,171,1272,65.47,05-Jun-2023
UTISENSETF,EQ,673.97,673.97,668.11,668.4,668.05,1324,8.89,102,771,58.23,05-Jun-2023
UTISXN50,EQ,55.03,55.03,53.43,54.08,54.19,2428,1.32,73,1396,57.50,05-Jun-2023
UTTAMSUGAR,EQ,269.5,271.5,265.0,267.0,267.35,58348,156.84,1854,31424,53.86,05-Jun-2023
UWCSL,SM,86.6,86.6,86.4,86.4,90.95,6000,5.19,3,6000,100.00,05-Jun-2023
V2RETAIL,EQ,104.5,108.05,104.5,105.45,104.45,86805,92.5,1124,56095,64.62,05-Jun-2023
VADILALIND,EQ,2669.0,2669.0,2537.0,2550.8,2630.15,16247,418.94,3441,8387,51.62,05-Jun-2023
VAIBHAVGBL,EQ,304.7,304.7,299.55,301.7,301.55,100553,302.61,4858,57109,56.79,05-Jun-2023
VAISHALI,EQ,133.3,134.75,128.55,129.35,133.3,66257,86.51,1244,44237,66.77,05-Jun-2023
VAKRANGEE,EQ,17.4,18.65,17.3,17.9,17.15,25582813,4628.31,22086,7527227,29.42,05-Jun-2023
VALIANTORG,EQ,607.5,613.95,592.9,604.5,600.85,155429,937.55,9322,35096,22.58,05-Jun-2023
VARDHACRLC,EQ,50.45,50.6,49.1,49.8,49.95,48800,24.27,432,31170,63.87,05-Jun-2023
VARDMNPOLY,EQ,46.65,49.45,45.65,48.55,47.6,81739,38.8,454,52364,64.06,05-Jun-2023
VARROC,EQ,307.4,309.4,305.1,307.15,307.25,78026,239.62,3049,40023,51.29,05-Jun-2023
VASA,SM,9.45,9.9,9.0,9.05,9.45,44000,4.14,11,36000,81.82,05-Jun-2023
VASCONEQ,EQ,43.85,44.2,42.15,42.7,43.3,5157663,2223.34,10755,2534153,49.13,05-Jun-2023
VASWANI,EQ,22.4,22.6,21.7,21.85,22.1,80833,17.85,557,58936,72.91,05-Jun-2023
VBL,EQ,1705.6,1713.0,1688.4,1705.1,1695.15,676308,11499.59,45725,340390,50.33,05-Jun-2023
VCL,EQ,2.35,2.4,2.3,2.35,2.3,246770,5.8,333,205766,83.38,05-Jun-2023
VEDL,EQ,280.05,280.05,276.3,278.3,280.1,6297485,17510.69,73299,2336287,37.10,05-Jun-2023
VEEKAYEM,SM,46.5,46.6,46.5,46.6,45.0,8000,3.72,2,8000,100.00,05-Jun-2023
VELS,SM,91.7,96.0,91.7,96.0,88.2,25200,24.14,3,25200,100.00,05-Jun-2023
VENKEYS,EQ,1758.95,1776.0,1728.25,1736.75,1732.85,54742,957.15,5609,22816,41.68,05-Jun-2023
VENUSPIPES,EQ,1081.95,1120.0,1081.95,1087.0,1078.65,173654,1894.92,6601,93571,53.88,05-Jun-2023
VENUSREM,EQ,243.75,243.9,224.1,226.55,241.2,220005,506.89,6957,144178,65.53,05-Jun-2023
VERANDA,EQ,183.0,183.0,177.9,179.8,180.45,99474,178.88,2185,71931,72.31,05-Jun-2023
VERTEXPLUS,SM,118.0,118.0,109.0,109.0,112.4,3600,4.07,3,3600,100.00,05-Jun-2023
VERTOZ,EQ,236.5,257.65,236.5,244.75,234.25,432399,1084.2,33041,144485,33.41,05-Jun-2023
VESUVIUS,EQ,2379.95,2411.2,2320.0,2341.45,2363.95,12791,301.54,3416,6102,47.71,05-Jun-2023
VETO,EQ,102.85,104.0,102.0,102.8,102.05,77632,80.08,1009,49729,64.06,05-Jun-2023
VGUARD,EQ,253.75,254.7,251.25,253.15,252.35,138061,349.8,5739,89210,64.62,05-Jun-2023
VHL,EQ,2680.0,2690.2,2660.0,2678.95,2668.95,567,15.2,117,312,55.03,05-Jun-2023
VIDHIING,EQ,352.25,356.0,350.0,354.8,350.45,13501,47.64,866,8320,61.63,05-Jun-2023
VIJAYA,EQ,382.95,390.5,379.3,385.0,381.3,3398025,13038.25,25198,3144137,92.53,05-Jun-2023
VIJIFIN,EQ,1.95,1.95,1.8,1.8,1.9,803064,14.7,568,603247,75.12,05-Jun-2023
VIKASECO,EQ,3.05,3.1,3.0,3.0,3.0,4599360,140.41,1872,2741749,59.61,05-Jun-2023
VIKASLIFE,EQ,2.85,2.95,2.8,2.85,2.9,18977492,545.9,9846,10452453,55.08,05-Jun-2023
VIMTALABS,EQ,412.25,419.5,408.95,411.05,412.25,18161,75.11,1023,9566,52.67,05-Jun-2023
VINATIORGA,EQ,1835.0,1849.9,1825.55,1831.85,1821.1,38504,707.41,4672,24216,62.89,05-Jun-2023
VINDHYATEL,EQ,1975.1,2007.95,1961.0,1972.35,1979.25,14957,296.19,3198,8343,55.78,05-Jun-2023
VINEETLAB,EQ,48.8,51.55,48.8,50.65,49.65,17180,8.68,275,9389,54.65,05-Jun-2023
VINNY,EQ,5.7,5.8,5.55,5.55,5.85,823049,46.11,1259,479137,58.21,05-Jun-2023
VINYLINDIA,EQ,470.65,486.35,470.0,475.25,467.65,115698,553.1,8012,54015,46.69,05-Jun-2023
VIPCLOTHNG,EQ,46.15,46.5,45.1,45.65,45.8,383418,174.65,1203,198881,51.87,05-Jun-2023
VIPIND,EQ,610.8,614.75,607.5,610.25,606.25,267373,1632.61,6590,222740,83.31,05-Jun-2023
VIPULLTD,EQ,16.5,16.5,15.4,16.0,16.05,20918,3.32,69,17345,82.92,05-Jun-2023
VIRINCHI,EQ,34.2,37.0,34.2,35.75,33.95,1900545,685.26,5088,1012564,53.28,05-Jun-2023
VISAKAIND,EQ,83.8,86.1,81.4,81.9,83.75,174314,146.1,2372,102099,58.57,05-Jun-2023
VISASTEEL,BE,11.4,11.4,11.0,11.2,11.1,5499,0.61,40,-,-,05-Jun-2023
VISESHINFO,EQ,0.45,0.45,0.4,0.4,0.4,5256046,22.17,2376,3607966,68.64,05-Jun-2023
VISHAL,EQ,18.25,18.25,17.4,17.75,17.95,241491,43.06,1083,163989,67.91,05-Jun-2023
VISHNU,EQ,339.35,376.75,339.0,366.8,335.4,858261,3104.63,26046,431148,50.24,05-Jun-2023
VISHWARAJ,EQ,18.6,19.0,18.4,18.55,18.45,2896279,543.28,3101,654187,22.59,05-Jun-2023
VITAL,SM,110.3,119.9,110.3,117.05,115.0,74400,87.34,58,56400,75.81,05-Jun-2023
VIVIANA,SM,147.5,152.75,145.55,150.25,153.0,20000,29.91,10,14000,70.00,05-Jun-2023
VIVIDHA,EQ,0.9,0.9,0.8,0.85,0.85,1079209,9.22,466,682376,63.23,05-Jun-2023
VIVIMEDLAB,BZ,5.9,6.0,5.5,5.65,5.75,151552,8.58,462,-,-,05-Jun-2023
VIVO,SM,110.0,110.0,110.0,110.0,110.0,3200,3.52,2,3200,100.00,05-Jun-2023
VLSFINANCE,EQ,165.9,166.25,161.35,163.65,161.95,20882,34.35,377,13014,62.32,05-Jun-2023
VMARCIND,SM,66.7,67.0,61.85,63.95,65.25,87000,56.92,28,63000,72.41,05-Jun-2023
VMART,EQ,2025.0,2041.25,2025.0,2030.15,2022.55,77861,1580.58,5629,68532,88.02,05-Jun-2023
VOLTAMP,EQ,4100.05,4246.95,4100.0,4125.85,4099.9,45361,1891.48,9482,18071,39.84,05-Jun-2023
VOLTAS,EQ,822.0,826.4,821.05,823.25,818.9,356474,2936.99,9530,164219,46.07,05-Jun-2023
VRLLOG,EQ,699.85,713.75,698.9,702.05,695.3,130903,925.85,8527,55157,42.14,05-Jun-2023
VSSL,EQ,211.0,215.45,207.1,210.0,208.6,49005,104.01,2125,27434,55.98,05-Jun-2023
VSTIND,EQ,3400.05,3407.0,3350.0,3367.25,3383.4,2416,81.39,820,1556,64.40,05-Jun-2023
VSTTILLERS,EQ,2778.35,2778.35,2712.0,2719.9,2748.1,12070,330.38,3495,6093,50.48,05-Jun-2023
VTL,EQ,342.0,360.7,340.0,358.7,338.8,797324,2811.94,22241,402063,50.43,05-Jun-2023
WABAG,EQ,466.1,488.7,466.1,476.35,465.45,1325817,6353.2,37837,524286,39.54,05-Jun-2023
WALCHANNAG,EQ,88.1,95.9,88.1,95.9,87.2,2443806,2267.71,15872,1225583,50.15,05-Jun-2023
WALPAR,SM,78.4,78.4,78.4,78.4,78.6,2000,1.57,1,2000,100.00,05-Jun-2023
WANBURY,BE,53.45,53.45,53.25,53.45,50.95,72236,38.61,89,-,-,05-Jun-2023
WATERBASE,EQ,69.55,71.9,68.6,71.05,68.9,153336,108.26,1490,58170,37.94,05-Jun-2023
WEALTH,EQ,291.5,309.9,290.55,307.0,295.0,1049,3.19,89,1000,95.33,05-Jun-2023
WEBELSOLAR,EQ,89.3,93.0,89.3,91.1,88.85,157365,144.35,1488,119427,75.89,05-Jun-2023
WEIZMANIND,EQ,103.5,103.5,101.75,102.55,101.55,9154,9.41,238,4982,54.42,05-Jun-2023
WEL,EQ,233.3,241.95,232.05,236.75,233.2,2392,5.7,210,1297,54.22,05-Jun-2023
WELCORP,EQ,270.0,275.0,263.0,263.85,268.05,1846316,4971.4,16156,1180714,63.95,05-Jun-2023
WELENT,EQ,161.0,167.4,160.7,163.2,159.95,781678,1288.63,8403,462891,59.22,05-Jun-2023
WELINV,EQ,337.8,337.8,327.55,334.5,335.55,686,2.29,74,574,83.67,05-Jun-2023
WELSPUNIND,EQ,96.9,104.6,96.6,98.35,96.45,12950776,13120.3,52921,2556865,19.74,05-Jun-2023
WENDT,EQ,9243.0,9449.0,9243.0,9308.4,9243.95,921,85.8,421,542,58.85,05-Jun-2023
WESTLIFE,EQ,835.75,849.9,827.05,834.95,826.65,465247,3889.33,10033,365291,78.52,05-Jun-2023
WEWIN,EQ,41.1,42.25,39.8,40.9,41.05,11877,4.85,161,7006,58.99,05-Jun-2023
WHEELS,EQ,637.85,638.8,615.4,617.9,630.75,10551,65.92,887,6774,64.20,05-Jun-2023
WHIRLPOOL,EQ,1417.0,1444.5,1417.0,1433.4,1419.25,52943,759.67,4478,22431,42.37,05-Jun-2023
WILLAMAGOR,EQ,20.2,20.35,19.5,20.1,19.8,8278,1.65,67,6132,74.08,05-Jun-2023
WINDLAS,EQ,285.95,287.7,277.05,279.1,280.95,39539,111.57,2165,23920,60.50,05-Jun-2023
WINDMACHIN,EQ,49.7,52.7,48.7,51.05,49.0,1085781,556.83,4878,630435,58.06,05-Jun-2023
WIPL,BE,100.0,100.0,95.0,95.0,100.0,6027,5.79,43,-,-,05-Jun-2023
WIPRO,EQ,408.9,409.75,403.7,404.2,404.95,3626430,14705.54,65499,1893147,52.20,05-Jun-2023
WOCKPHARMA,EQ,169.3,170.3,168.0,168.3,168.4,226988,383.63,4047,128320,56.53,05-Jun-2023
WONDERLA,EQ,539.0,549.0,529.0,543.95,521.0,483443,2619.72,18701,158165,32.72,05-Jun-2023
WORTH,EQ,100.1,101.2,99.6,100.25,99.6,12223,12.25,240,8757,71.64,05-Jun-2023
WSI,BE,84.8,86.6,84.8,86.6,82.5,109310,94.1,245,-,-,05-Jun-2023
WSTCSTPAPR,EQ,526.2,527.95,510.1,513.6,519.7,169933,881.37,10213,99713,58.68,05-Jun-2023
XCHANGING,EQ,67.5,70.7,66.55,68.35,66.7,770739,528.86,7491,385196,49.98,05-Jun-2023
XELPMOC,EQ,88.5,97.8,88.5,90.35,93.15,509485,454.68,3646,226402,44.44,05-Jun-2023
XPROINDIA,EQ,734.95,740.0,727.0,736.05,728.8,20179,148.11,2227,9856,48.84,05-Jun-2023
YAARI,EQ,13.85,14.15,12.2,12.55,12.9,2241190,293.68,4067,974913,43.50,05-Jun-2023
YESBANK,EQ,16.4,16.5,16.05,16.15,16.4,39525286,6436.87,37428,19505636,49.35,05-Jun-2023
YUKEN,EQ,620.25,632.7,594.45,603.75,616.95,25234,156.44,898,13638,54.05,05-Jun-2023
ZEEL,EQ,194.0,202.5,193.75,201.2,193.5,15642875,31295.21,92333,4561543,29.16,05-Jun-2023
ZEELEARN,EQ,3.1,3.2,3.0,3.05,3.05,1943536,60.41,872,1590579,81.84,05-Jun-2023
ZEEMEDIA,EQ,7.95,8.15,7.85,7.85,7.85,2689074,213.69,2782,1909986,71.03,05-Jun-2023
ZENITHEXPO,EQ,89.6,94.1,89.6,94.1,89.65,1591,1.49,54,1472,92.52,05-Jun-2023
ZENITHSTL,EQ,4.15,4.15,4.0,4.05,4.05,100213,4.08,264,72342,72.19,05-Jun-2023
ZENSARTECH,EQ,405.0,409.4,396.1,403.45,403.55,1960326,7897.99,30901,654074,33.37,05-Jun-2023
ZENTEC,EQ,401.6,433.95,401.6,420.1,398.85,3402196,14334.76,58475,915847,26.92,05-Jun-2023
ZFCVINDIA,EQ,10840.0,11129.1,10839.85,11069.0,10715.05,28264,3108.07,5716,21965,77.71,05-Jun-2023
ZIMLAB,EQ,111.0,112.45,108.05,110.9,107.1,170509,190.37,1293,136349,79.97,05-Jun-2023
ZODIAC,EQ,114.55,114.55,113.0,114.55,109.1,30332,34.73,375,21904,72.21,05-Jun-2023
ZODIACLOTH,EQ,100.35,103.0,98.5,101.15,98.95,68656,69.86,1021,47824,69.66,05-Jun-2023
ZOMATO,EQ,71.3,72.15,69.6,71.25,71.15,84075166,59698.3,139931,27424954,32.62,05-Jun-2023
ZOTA,EQ,300.2,318.0,300.2,312.05,297.65,74752,232.9,2476,48125,64.38,05-Jun-2023
ZUARI,EQ,141.0,152.9,140.1,150.2,139.15,395347,587.36,8956,188358,47.64,05-Jun-2023
ZUARIIND,EQ,143.8,147.9,140.55,145.1,140.4,92410,133.92,1924,43136,46.68,05-Jun-2023
ZYDUSLIFE,EQ,523.4,523.6,508.0,510.1,518.0,914296,4688.73,20778,395251,43.23,05-Jun-2023
ZYDUSWELL,EQ,1487.1,1496.0,1441.0,1466.7,1477.4,32832,485.79,4333,16686,50.82,05-Jun-2023
